74.53571629524231
5000
5000
-99985223
-99950123
-99916145
-99847452
-99819583
-99774681
-99737650
-99705968
-99674864
-99639823
-99621419
-99551217
-99459089
-99319039
-99276679
-99259594
-99218910
-99207140
-99170544
-98987495
-98983991
-98955473
-98880516
-98864803
-98825744
-98800629
-98786942
-98779079
-98773874
-98677533
-98676240
-98673061
-98650119
-98621959
-98604362
-98566807
-98541879
-98519038
-98501598
-98440762
-98436547
-98433384
-98366056
-98362341
-98254737
-98250281
-98247920
-98213600
-98197207
-98181976
-98168720
-98111402
-98062535
-98050630
-98032790
-97991915
-97979403
-97910410
-97895406
-97866992
-97843906
-97814166
-97791782
-97569284
-97467031
-97466351
-97444041
-97425029
-97390234
-97377524
-97322428
-97266315
-97249963
-97244830
-97211096
-97208411
-97142034
-97116602
-97082427
-97074347
-96982019
-96896565
-96896099
-96817929
-96815336
-96784106
-96631200
-96611748
-96585959
-96516415
-96508602
-96489852
-96436689
-96429272
-96296607
-96231299
-96230630
-96219263
-96217066
-96210977
-96149768
-96086770
-95999414
-95952133
-95928011
-95922917
-95913695
-95841224
-95815246
-95790790
-95767876
-95718141
-95716145
-95571527
-95533664
-95469210
-95456183
-95424135
-95422307
-95405266
-95365756
-95294975
-95224336
-95166698
-95144132
-95054860
-95046182
-95035623
-94994320
-94955900
-94947746
-94924276
-94799922
-94751635
-94748020
-94685290
-94670815
-94626147
-94590776
-94488303
-94467713
-94424247
-94411302
-94399598
-94395483
-94381521
-94380604
-94333367
-94317549
-94302599
-94259041
-94181250
-94179442
-94137715
-94046499
-94045328
-94003694
-93972465
-93931685
-93902552
-93776891
-93704585
-93679539
-93678861
-93670048
-93562016
-93551868
-93538957
-93502568
-93488796
-93466908
-93424191
-93389231
-93292726
-93265694
-93265618
-93230452
-93181538
-93152945
-93081980
-93076139
-93070488
-93058132
-93033200
-92972410
-92941612
-92869606
-92842939
-92793406
-92786553
-92777571
-92770402
-92690365
-92688152
-92685132
-92678855
-92635204
-92633898
-92601726
-92577462
-92563997
-92516179
-92516071
-92481301
-92465006
-92433953
-92400275
-92345298
-92323982
-92280857
-92261659
-92251538
-92239744
-92183503
-92076484
-92074784
-92047708
-92022609
-91986343
-91978686
-91887795
-91849582
-91826321
-91799951
-91762148
-91729679
-91710009
-91671574
-91644242
-91621514
-91604755
-91600642
-91577455
-91552883
-91508188
-91484050
-91465679
-91450684
-91319071
-91245073
-91159891
-91158677
-91134444
-91064728
-91036121
-91034131
-90990427
-90964595
-90918542
-90916567
-90848912
-90781824
-90719256
-90703170
-90693294
-90679031
-90584229
-90503940
-90483406
-90429389
-90423642
-90412695
-90276107
-90244035
-90219947
-90047845
-89995141
-89963048
-89962210
-89935009
-89882305
-89864669
-89824881
-89814034
-89795110
-89783426
-89755478
-89745662
-89698701
-89684864
-89573011
-89569866
-89534695
-89507252
-89464720
-89399642
-89324183
-89281690
-89213227
-89193500
-89186231
-89160388
-89146486
-89108814
-88976372
-88972402
-88958407
-88858855
-88844384
-88803104
-88723251
-88720290
-88657052
-88607673
-88565413
-88428823
-88411816
-88398822
-88398749
-88391679
-88368759
-88367489
-88326696
-88278688
-88245826
-88123570
-88104341
-88048063
-88044677
-88021849
-87889764
-87856343
-87786123
-87778261
-87760671
-87757427
-87733852
-87691381
-87678901
-87635746
-87603018
-87591043
-87476100
-87459803
-87355613
-87340766
-87333388
-87301502
-87290670
-87260441
-87234904
-87220183
-87159215
-87119627
-87087764
-87084374
-87083311
-87057977
-86997386
-86989563
-86988571
-86935923
-86921485
-86903226
-86889158
-86793464
-86779900
-86768530
-86719021
-86681690
-86645160
-86640717
-86616479
-86616449
-86536645
-86477186
-86455092
-86448252
-86400404
-86395236
-86271236
-86046895
-85983998
-85970765
-85915278
-85858827
-85846436
-85834564
-85819528
-85817338
-85776183
-85694428
-85620749
-85616621
-85590407
-85588906
-85542059
-85540231
-85506629
-85502740
-85502040
-85463110
-85269910
-85261898
-85239064
-85231413
-85215890
-85215171
-85207515
-85181429
-85161833
-85130522
-85095480
-85006603
-84999214
-84898814
-84871630
-84870911
-84864882
-84838374
-84801226
-84787630
-84766690
-84764361
-84747459
-84720164
-84715299
-84701323
-84687746
-84605345
-84525071
-84521085
-84506883
-84491540
-84404562
-84386656
-84335557
-84296760
-84284979
-84229748
-84150272
-84070639
-84055697
-83993263
-83944958
-83941334
-83904857
-83762201
-83681013
-83672752
-83623396
-83552400
-83496136
-83461401
-83345030
-83286599
-83206180
-83175093
-83157480
-83122474
-83116950
-83077786
-83031343
-82916282
-82892847
-82864355
-82776168
-82754169
-82698992
-82696463
-82677524
-82654766
-82653923
-82613924
-82570333
-82555187
-82551020
-82530190
-82508371
-82413439
-82365784
-82346787
-82335880
-82262244
-82201709
-82188048
-82169324
-82159711
-82067276
-82060518
-82056829
-82024755
-81930300
-81924976
-81916969
-81862439
-81858783
-81835835
-81802242
-81774890
-81767944
-81758148
-81691012
-81671921
-81648515
-81631780
-81618715
-81614415
-81605650
-81526747
-81476702
-81425392
-81412028
-81405196
-81397184
-81374705
-81371358
-81365770
-81322102
-81119190
-81034470
-80940329
-80905606
-80897861
-80844948
-80821612
-80817673
-80712826
-80697793
-80559241
-80557801
-80544624
-80476813
-80463644
-80433802
-80252582
-80204705
-80204577
-80144084
-80131144
-80105164
-80099692
-80073923
-80054480
-80039808
-80003104
-79970351
-79902910
-79825730
-79764179
-79657791
-79522281
-79502072
-79501167
-79477793
-79415021
-79407766
-79398859
-79372887
-79336771
-79099472
-78980171
-78974499
-78970285
-78960857
-78909738
-78903341
-78884364
-78831536
-78812600
-78805984
-78798895
-78693632
-78670970
-78628893
-78603765
-78556678
-78518202
-78496901
-78481063
-78465196
-78407115
-78361485
-78279599
-78220627
-78169257
-78136186
-78043553
-78040897
-78026527
-78016445
-78008714
-77898672
-77860649
-77749538
-77734325
-77674360
-77662939
-77448358
-77429973
-77371814
-77327707
-77327652
-77295619
-77243059
-77210638
-77177365
-77172594
-77163906
-77134957
-77086722
-77016438
-76993659
-76926279
-76905337
-76892341
-76850871
-76743859
-76725173
-76689016
-76662558
-76582733
-76576906
-76484447
-76483608
-76452319
-76448020
-76334516
-76285262
-76279327
-76033620
-76021104
-75930998
-75922112
-75792048
-75780517
-75735450
-75692210
-75645917
-75562930
-75537600
-75529788
-75445192
-75439585
-75431157
-75395591
-75355468
-75347128
-75331491
-75275707
-75274213
-75271386
-75240485
-75238851
-75227312
-75182107
-75111196
-75105806
-75070257
-75011242
-74971650
-74901095
-74868028
-74845265
-74841670
-74810795
-74791884
-74789267
-74732781
-74705112
-74695184
-74684380
-74682639
-74653948
-74609480
-74539994
-74430081
-74369628
-74354417
-74210912
-74197964
-74179797
-74137800
-74126276
-74122263
-74078483
-74064615
-74035813
-74018804
-73937652
-73912563
-73821184
-73803379
-73692928
-73689265
-73653527
-73633753
-73607021
-73579826
-73557379
-73556055
-73454293
-73436304
-73377606
-73370969
-73308356
-73219632
-73185477
-73142938
-73137732
-73127131
-73109377
-73038836
-72955576
-72905183
-72886533
-72876157
-72875911
-72873170
-72855910
-72848964
-72835295
-72731093
-72723253
-72698283
-72669162
-72652253
-72618574
-72510222
-72499448
-72459544
-72430166
-72403046
-72337536
-72337245
-72298941
-72283072
-72264098
-72251965
-72183717
-72170251
-72166241
-72122891
-72120261
-72087660
-72084081
-72022117
-71952407
-71888338
-71888153
-71865496
-71859877
-71757680
-71658448
-71641792
-71562753
-71526154
-71480951
-71285037
-71105966
-71088663
-71032669
-71032590
-70935805
-70863690
-70804869
-70788211
-70754375
-70736749
-70703662
-70702817
-70682027
-70639357
-70540030
-70527277
-70465201
-70434396
-70384598
-70366322
-70308713
-70234621
-70226425
-70103136
-70087247
-70054269
-69977101
-69965354
-69910821
-69893460
-69804780
-69769781
-69766417
-69735959
-69699593
-69695355
-69670677
-69594016
-69563763
-69557904
-69523193
-69320429
-69314103
-69252404
-69188919
-69140914
-69139892
-69134624
-69123986
-69114744
-68987421
-68927349
-68896440
-68860207
-68856788
-68841404
-68802116
-68766194
-68737372
-68659669
-68636525
-68550655
-68509718
-68381219
-68352514
-68263427
-68196702
-68144909
-68140023
-68134693
-68046408
-68005833
-67974797
-67905515
-67898843
-67897932
-67829656
-67828605
-67770321
-67738558
-67681127
-67658552
-67511105
-67465570
-67455859
-67389840
-67341247
-66973247
-66968615
-66921040
-66842847
-66775850
-66768517
-66658910
-66573729
-66571401
-66475903
-66470857
-66413652
-66409910
-66373864
-66360930
-66269896
-66146265
-66145787
-66140800
-66132369
-66126776
-66110091
-66109661
-66093309
-66012102
-65997216
-65878973
-65821166
-65764619
-65625024
-65616345
-65614261
-65542341
-65537746
-65500075
-65470171
-65461503
-65405591
-65385984
-65360089
-65205188
-65166178
-65142108
-65034953
-65014539
-65011030
-64849901
-64742956
-64742775
-64705966
-64692040
-64683044
-64678736
-64644036
-64643010
-64641175
-64595015
-64571618
-64490684
-64478672
-64435061
-64392872
-64388834
-64353496
-64303790
-64271695
-64165248
-64144413
-64095297
-64082364
-64012130
-63992903
-63854572
-63814429
-63799980
-63772937
-63695668
-63681424
-63662423
-63648475
-63532366
-63511208
-63430314
-63411077
-63408072
-63352081
-63309721
-63217643
-63178735
-63165245
-63121937
-62947613
-62925507
-62925482
-62912274
-62906768
-62894040
-62869161
-62793729
-62789775
-62632816
-62583734
-62509894
-62377927
-62373285
-62352147
-62263711
-62230990
-62208489
-62197985
-62105806
-62100562
-62095365
-62086627
-62036232
-62030065
-62027882
-62017153
-62006094
-61949509
-61948502
-61947525
-61813593
-61717785
-61667654
-61658265
-61652194
-61633492
-61496773
-61492311
-61463665
-61430746
-61405140
-61385920
-61366785
-61293835
-61270639
-61156659
-61095336
-61024594
-61000414
-60895674
-60825733
-60807295
-60638898
-60611230
-60585341
-60547385
-60533508
-60460932
-60433693
-60391512
-60282641
-60097343
-60095854
-60094851
-60089161
-60065479
-60055447
-59993831
-59949462
-59876753
-59864378
-59862226
-59820542
-59818404
-59808146
-59792448
-59776980
-59733798
-59658624
-59630453
-59594097
-59566663
-59545332
-59470348
-59466288
-59360417
-59358049
-59348588
-59265384
-59262483
-59230919
-59221800
-59131681
-59126604
-58983236
-58929326
-58920872
-58912871
-58904348
-58899073
-58835536
-58782728
-58753455
-58733845
-58698496
-58668530
-58544812
-58529075
-58509515
-58454284
-58442914
-58386565
-58381991
-58237031
-58142910
-58021987
-57959197
-57881932
-57880840
-57838341
-57827279
-57825027
-57796813
-57792386
-57791963
-57741264
-57697613
-57684492
-57568424
-57567696
-57563122
-57556748
-57553805
-57502303
-57495173
-57415914
-57348415
-57321697
-57235970
-57219565
-57126694
-57078192
-57035410
-57003889
-56961464
-56954003
-56933306
-56907657
-56893291
-56855392
-56819652
-56743477
-56645611
-56645075
-56611804
-56597935
-56555445
-56539545
-56525898
-56473039
-56416654
-56392584
-56373169
-56341873
-56317158
-56306298
-56260086
-56249512
-56244128
-56137577
-56110577
-56029737
-55973712
-55951821
-55936201
-55929099
-55877873
-55867167
-55863379
-55860244
-55740189
-55613151
-55564887
-55461402
-55405706
-55393890
-55369002
-55354602
-55344394
-55339142
-55167520
-55162796
-55156469
-55152837
-55133719
-54995599
-54974534
-54957264
-54922032
-54920896
-54878336
-54861333
-54809853
-54784800
-54749172
-54721279
-54718683
-54683170
-54674573
-54652365
-54619090
-54575472
-54485806
-54471731
-54341290
-54304843
-54290414
-54090682
-54087464
-54065129
-54052023
-54013468
-53988631
-53830335
-53758367
-53732898
-53692506
-53600365
-53518978
-53373001
-53344140
-53310711
-53159625
-53029706
-53017428
-53014479
-53011216
-52967568
-52922733
-52771286
-52769137
-52725776
-52725212
-52638016
-52605366
-52590669
-52585928
-52486874
-52405080
-52336977
-52332266
-52323145
-52313762
-52267394
-52234237
-52117360
-52084899
-52082678
-52025333
-52013968
-52009820
-51944517
-51943801
-51936964
-51910034
-51903400
-51855573
-51748457
-51692461
-51640805
-51627962
-51622173
-51605022
-51591244
-51557542
-51535494
-51472398
-51452146
-51421544
-51417395
-51314471
-51300528
-51262530
-51221452
-51207267
-51073034
-50967429
-50955965
-50849415
-50774479
-50757993
-50718673
-50693633
-50691665
-50688317
-50687650
-50672259
-50625790
-50519732
-50476551
-50403657
-50392155
-50345017
-50342583
-50299881
-50238676
-50235127
-50220694
-50171085
-50150462
-50149770
-50122749
-50104795
-50097758
-50084301
-50074151
-49998803
-49986177
-49795387
-49686010
-49675506
-49616657
-49490721
-49391353
-49366673
-49272661
-49264637
-49226324
-49216118
-49163377
-49151346
-49131321
-49111797
-49087890
-49005778
-49002368
-48998218
-48997796
-48980349
-48921758
-48786351
-48739365
-48704237
-48658251
-48616550
-48542536
-48535911
-48500249
-48433598
-48400908
-48248404
-48193737
-48108376
-48017499
-47918997
-47887456
-47862369
-47799696
-47763655
-47707088
-47686941
-47683829
-47679813
-47668667
-47653034
-47641072
-47608372
-47573474
-47545429
-47517701
-47479796
-47464538
-47449852
-47428657
-47412120
-47345577
-47232279
-47060378
-47031535
-46947334
-46834015
-46830248
-46761035
-46664089
-46642125
-46603091
-46521088
-46416681
-46388343
-46366790
-46326113
-46290654
-46243394
-46152435
-46147368
-46145261
-46114172
-46087890
-46081326
-46078096
-46076283
-46031189
-45996016
-45889207
-45849303
-45842549
-45716874
-45657716
-45623638
-45513996
-45471956
-45468350
-45458325
-45442344
-45431354
-45422928
-45400361
-45367006
-45246843
-45161158
-45152763
-45120122
-45087570
-45073473
-45062671
-45039041
-45029446
-45001250
-44988495
-44929544
-44876572
-44845150
-44710460
-44688718
-44611890
-44505447
-44392101
-44357261
-44351162
-44341083
-44337547
-44290056
-44254246
-44240101
-44213409
-44211073
-44186433
-44171958
-44029538
-44013686
-43995079
-43994315
-43980561
-43933891
-43929626
-43905969
-43872710
-43833593
-43799162
-43776403
-43700578
-43673625
-43673402
-43577411
-43574468
-43565251
-43531027
-43473675
-43457326
-43449490
-43390848
-43388783
-43337977
-43269178
-43248162
-43191706
-43088725
-43087385
-43067653
-43027084
-43016414
-43003502
-42942602
-42940922
-42833030
-42802839
-42674475
-42640982
-42576421
-42558894
-42534350
-42443228
-42394182
-42346580
-42345719
-42326415
-42262960
-42201465
-42195274
-42176591
-42159579
-42146101
-42097359
-42067825
-42062777
-42026204
-42012616
-42010270
-41988252
-41965179
-41882875
-41846777
-41829807
-41742241
-41737271
-41719890
-41693037
-41567353
-41522402
-41460487
-41400301
-41397835
-41392180
-41255295
-41134290
-41122179
-41105283
-41092857
-41055608
-41052745
-41032759
-41009998
-40952410
-40920313
-40905151
-40876898
-40744995
-40740717
-40708394
-40697534
-40673337
-40648209
-40608954
-40593632
-40573772
-40569519
-40456813
-40406680
-40391968
-40373424
-40354659
-40348527
-40284031
-40222748
-40158468
-40024258
-39978964
-39972224
-39893703
-39844443
-39765895
-39753325
-39705508
-39676410
-39651511
-39645533
-39624257
-39587967
-39471937
-39468933
-39403526
-39295466
-39171111
-39130012
-39125641
-39121259
-39107264
-39083040
-39081437
-39074610
-39039127
-38940589
-38922870
-38904153
-38895768
-38891176
-38852430
-38822264
-38804326
-38790976
-38776246
-38749105
-38696283
-38674016
-38585715
-38540217
-38508063
-38474782
-38462476
-38437313
-38374677
-38323783
-38317978
-38301807
-38245543
-38168704
-38069978
-38062174
-38058831
-38049736
-38031539
-38023554
-38008349
-37987064
-37980884
-37889046
-37826877
-37825608
-37785685
-37721524
-37705401
-37652259
-37611391
-37567817
-37562412
-37545962
-37517196
-37420788
-37410817
-37399422
-37382865
-37366018
-37357562
-37352536
-37337435
-37261767
-37223363
-37152880
-37118839
-37041962
-36789212
-36748383
-36701305
-36677598
-36661937
-36575917
-36569471
-36529172
-36439267
-36286687
-36260909
-36183478
-36182629
-36162518
-36135166
-36129707
-36128096
-36097555
-36037339
-35964296
-35939890
-35916609
-35861126
-35840883
-35823902
-35811108
-35801806
-35657997
-35509688
-35478075
-35355519
-35307030
-35247320
-35215513
-35192737
-35186339
-35138781
-35111886
-35096413
-35033567
-35026776
-35011533
-34958079
-34868516
-34845584
-34801963
-34790375
-34757467
-34610233
-34583583
-34432761
-34414237
-34372077
-34358853
-34242177
-34190285
-34155209
-34151708
-34085833
-34085149
-34035258
-33982038
-33979929
-33932000
-33848576
-33768630
-33756365
-33733791
-33701307
-33630912
-33582684
-33499042
-33485193
-33480196
-33395336
-33336745
-33301121
-33226875
-33220259
-33211196
-33201488
-33076044
-33072242
-33020841
-33013545
-32966646
-32935669
-32929842
-32925628
-32907568
-32790432
-32776006
-32739905
-32697597
-32678608
-32666081
-32639658
-32637041
-32606274
-32599556
-32556287
-32428960
-32405915
-32393989
-32337865
-32310761
-32281671
-32275607
-32249267
-32198169
-32191032
-32157313
-32060012
-31894615
-31855819
-31817475
-31814274
-31811049
-31724549
-31688764
-31687822
-31669249
-31582508
-31552725
-31537820
-31532434
-31475845
-31393852
-31393593
-31333234
-31306154
-31304013
-31283240
-31272625
-31248677
-31202575
-31193130
-30990589
-30986857
-30883990
-30836140
-30794810
-30789110
-30775441
-30696694
-30659718
-30624770
-30623369
-30587218
-30465516
-30445240
-30399453
-30368569
-30361569
-30346858
-30331878
-30292857
-30268258
-30246058
-30214341
-30066324
-30048066
-30035390
-30019661
-29958410
-29955889
-29935367
-29896421
-29892111
-29854372
-29845399
-29772484
-29757552
-29650652
-29631939
-29625985
-29592933
-29548931
-29537605
-29466852
-29252772
-29202958
-29163029
-29139969
-29124394
-29077127
-29045377
-29014597
-28993500
-28966961
-28926192
-28899231
-28895624
-28845858
-28809539
-28803631
-28801455
-28777237
-28672889
-28631113
-28614013
-28570402
-28422595
-28416751
-28339995
-28330833
-28195360
-28138515
-28128982
-28111418
-28065388
-28063459
-28033652
-27937531
-27919852
-27910407
-27764267
-27740924
-27737576
-27729667
-27637020
-27475099
-27475012
-27441645
-27395707
-27375381
-27348740
-27343432
-27181667
-27117492
-27027471
-27004062
-26921704
-26888513
-26834208
-26813935
-26799471
-26797587
-26690234
-26638745
-26545238
-26516575
-26514908
-26473168
-26377988
-26343135
-26337688
-26315709
-26286361
-26226819
-26206829
-26156978
-26121082
-26088762
-26085867
-26034767
-25995142
-25985563
-25963256
-25939361
-25932389
-25833259
-25805773
-25787075
-25763773
-25698690
-25692852
-25648806
-25635558
-25517901
-25461763
-25441649
-25416706
-25394364
-25391009
-25315030
-25266109
-25228356
-25221298
-25150463
-25135502
-25132021
-25121567
-25109960
-25081784
-25054893
-25040838
-25033148
-25010189
-24948319
-24938571
-24863441
-24859771
-24806774
-24796801
-24793062
-24727189
-24608067
-24599297
-24589304
-24572806
-24469730
-24448823
-24417392
-24336957
-24336513
-24316451
-24298751
-24289118
-24244291
-24194692
-24180382
-24137417
-24073828
-24053726
-24034035
-23953179
-23907838
-23905626
-23904755
-23810131
-23794090
-23746078
-23679768
-23671842
-23589293
-23535827
-23461248
-23449788
-23383189
-23337086
-23293871
-23239180
-23112956
-23075256
-23051647
-23037529
-23031237
-22991722
-22985131
-22948003
-22943751
-22940958
-22925861
-22850678
-22849395
-22824678
-22801469
-22769381
-22768776
-22762583
-22757568
-22754689
-22699057
-22669987
-22665926
-22617531
-22482836
-22386500
-22282432
-22159412
-22126854
-22071859
-22020129
-21988317
-21975921
-21949322
-21890880
-21866904
-21859398
-21841094
-21774329
-21766994
-21731470
-21723591
-21700006
-21659212
-21559125
-21541916
-21503370
-21500004
-21431468
-21418238
-21287199
-21213310
-21202409
-21194802
-21170448
-21121530
-21099938
-21006754
-21000878
-20944427
-20932637
-20910833
-20902304
-20832572
-20807485
-20804063
-20771175
-20719515
-20673552
-20659510
-20628468
-20623905
-20554159
-20548733
-20511395
-20457922
-20403268
-20273405
-20270758
-20223100
-20184031
-20129998
-20125556
-20124225
-20064532
-20028121
-19997691
-19977434
-19870508
-19703470
-19699912
-19651100
-19640989
-19616995
-19582456
-19573399
-19526776
-19524368
-19511690
-19474113
-19434095
-19429409
-19382884
-19357606
-19285780
-19279779
-19184017
-19159952
-19128904
-19085462
-19080592
-19055052
-19042058
-19038340
-18977741
-18977592
-18976863
-18844433
-18793264
-18781122
-18734717
-18680362
-18603898
-18554097
-18504030
-18475350
-18466952
-18431345
-18422171
-18420584
-18259791
-18216992
-18186068
-18166632
-18027345
-18018563
-18007433
-17911659
-17904190
-17888001
-17874422
-17868911
-17815840
-17766162
-17761004
-17739974
-17703996
-17659949
-17644358
-17443377
-17405172
-17376676
-17319364
-17285836
-17185397
-17145517
-17111889
-17046990
-17009852
-16988240
-16933046
-16864958
-16854106
-16752241
-16719518
-16699343
-16698652
-16641610
-16600117
-16591304
-16501267
-16411717
-16384611
-16362054
-16319415
-16313596
-16312849
-16221097
-16215560
-16206187
-16183816
-16163442
-16141017
-16110957
-16065960
-16035862
-16012116
-15960870
-15921088
-15901352
-15847930
-15792586
-15749743
-15701103
-15699596
-15693367
-15690250
-15665905
-15656344
-15643395
-15637722
-15568982
-15493571
-15321713
-15321260
-15290458
-15211269
-15205666
-15161945
-15112898
-15098129
-15098118
-15004300
-14973577
-14964773
-14911031
-14821571
-14742600
-14695917
-14675559
-14558744
-14553519
-14546108
-14513690
-14441697
-14375368
-14346306
-14341422
-14327801
-14323425
-14186970
-14158535
-14156131
-14113073
-14062497
-14032716
-13996029
-13929628
-13841199
-13649864
-13632538
-13617105
-13584063
-13550139
-13522877
-13362518
-13246460
-13125296
-13093300
-13083849
-13062607
-13029744
-12962211
-12928566
-12903914
-12885777
-12859465
-12843168
-12803080
-12792390
-12732157
-12721465
-12721243
-12618429
-12502658
-12460932
-12427147
-12408543
-12401019
-12389094
-12380999
-12373881
-12333151
-12296557
-12294470
-12288515
-12282066
-12224628
-12222573
-12192867
-12180073
-12108381
-12071162
-12061178
-12053961
-12052705
-12034426
-12028939
-12024510
-11891103
-11884605
-11837828
-11804883
-11778608
-11746859
-11619516
-11599386
-11557955
-11485298
-11476795
-11468330
-11395134
-11374827
-11327688
-11314310
-11290691
-11235892
-11168710
-11159621
-11116878
-11042585
-11004338
-10945800
-10938540
-10907895
-10880745
-10847680
-10831695
-10800007
-10759995
-10725411
-10696852
-10686535
-10632698
-10623688
-10600649
-10579845
-10528341
-10514090
-10478993
-10339288
-10315657
-10305569
-10304262
-10274795
-10242777
-10217382
-10174160
-10152990
-10119754
-10096796
-10088008
-10057817
-10025688
-10004717
-9999369
-9997863
-9989509
-9968380
-9964659
-9886214
-9876614
-9870931
-9855881
-9824270
-9803801
-9715906
-9705633
-9630155
-9536332
-9502912
-9451069
-9436972
-9428073
-9367336
-9327916
-9323875
-9248900
-9237080
-9165078
-9163066
-9162310
-9143937
-9076210
-9064968
-8994374
-8965618
-8961620
-8893097
-8818922
-8808965
-8801801
-8768256
-8732262
-8714352
-8692743
-8679207
-8620237
-8610844
-8581670
-8561803
-8511804
-8485615
-8424695
-8395540
-8380472
-8358377
-8336704
-8266207
-8139634
-8096446
-8084564
-8080040
-8015501
-7980700
-7937271
-7927287
-7820306
-7799234
-7775740
-7733055
-7611895
-7585867
-7453009
-7445766
-7445028
-7421979
-7408344
-7338458
-7337348
-7336756
-7247728
-7152185
-7115210
-6946330
-6878880
-6824140
-6667608
-6598125
-6570864
-6566337
-6529695
-6445948
-6389634
-6354765
-6283819
-6252617
-6245084
-6225789
-6210918
-6111202
-6099711
-6084127
-6062194
-5975355
-5897681
-5747531
-5720842
-5661722
-5624933
-5549636
-5521064
-5487622
-5458981
-5448191
-5351735
-5316207
-5302329
-5294119
-5191036
-5158999
-5129845
-5126853
-5083392
-4994775
-4910829
-4872698
-4819714
-4816029
-4745662
-4679896
-4666851
-4631466
-4628436
-4620501
-4564227
-4560926
-4532871
-4521976
-4500810
-4479540
-4437298
-4292844
-4270353
-4252802
-4241858
-4157307
-4059077
-3916259
-3900907
-3882282
-3858897
-3826933
-3792921
-3627527
-3614059
-3589026
-3576662
-3514651
-3501276
-3484924
-3442587
-3426924
-3419200
-3406937
-3398335
-3373561
-3308974
-3296457
-3251460
-3245962
-3206486
-3194720
-3194341
-3177252
-3167294
-3136685
-3126438
-3122520
-3087877
-2974024
-2901091
-2796004
-2605071
-2582934
-2549096
-2496112
-2458858
-2451505
-2425551
-2409957
-2407284
-2388619
-2358566
-2207754
-2143673
-2120747
-2097391
-2092870
-2081393
-2004617
-1981803
-1919733
-1882092
-1845908
-1830145
-1751955
-1731458
-1725050
-1708561
-1693615
-1690985
-1675307
-1524566
-1515919
-1502566
-1440973
-1319585
-1317369
-1268559
-1247923
-1102051
-1090068
-1050967
-1049955
-997407
-980297
-929580
-911686
-815729
-805708
-751631
-709135
-621679
-613448
-580138
-575266
-532803
-493070
-443587
-440315
-402767
-184539
-172273
-169202
-144666
-81194
-57358
-37770
219564
228263
233603
300798
367967
378194
409582
540694
591235
611489
682717
691066
699032
820146
848531
881222
910010
949406
1038432
1048221
1089390
1125103
1143574
1167187
1190553
1200759
1274017
1293628
1354062
1372418
1423271
1463350
1485218
1533148
1744015
1791257
1871701
1882226
1943651
1951774
2064637
2069262
2127630
2166607
2170847
2205395
2206608
2261397
2268936
2304896
2331974
2394619
2395619
2517940
2543228
2553564
2600654
2609782
2722838
2728970
2737127
2797697
2824152
2860293
2866655
2930629
2935377
3027791
3066283
3069275
3099677
3134097
3140606
3186718
3192146
3194641
3212123
3233758
3261398
3319813
3357551
3365410
3455310
3457991
3510322
3512604
3516221
3591920
3641053
3662672
3668485
3676003
3676198
3742904
3791513
3829554
3852773
3855913
3859735
3906016
3934465
3935145
3953051
4009416
4102798
4135597
4173728
4262235
4341269
4369678
4458120
4488327
4491276
4527802
4647120
4757046
4824560
4842190
4904369
4908782
4923762
5011640
5109219
5170562
5274196
5329733
5337026
5339433
5383771
5427215
5432413
5434541
5518565
5564524
5591005
5644296
5656215
5667724
5675668
5729649
5746014
5788431
5794290
5804734
5848564
5947925
5958412
6022836
6049733
6132437
6134421
6150186
6159069
6182357
6226847
6256033
6268236
6292009
6335852
6350533
6373512
6412424
6424101
6518043
6546296
6588387
6612383
6760411
6778088
6925498
6927919
6928625
6970199
7110663
7114460
7177209
7190956
7206944
7244722
7255151
7314476
7316205
7403054
7470965
7480922
7512187
7537897
7574393
7640017
7720417
7750830
7755481
7758123
7791260
7805136
7856365
7859478
7863659
8024945
8063189
8115802
8138794
8138873
8161783
8261015
8373971
8374044
8489878
8561994
8593308
8627219
8646271
8709570
8729730
8790157
8804842
8806962
8830821
8885694
8912846
9035607
9233303
9235607
9283804
9286517
9316716
9326148
9368435
9430804
9438514
9544976
9586439
9668099
9802662
9807585
9835504
9861376
9994573
10157590
10260602
10268151
10315942
10349252
10410617
10445240
10475181
10541375
10588446
10602394
10602526
10774127
10800303
10873492
10895136
10937963
10941207
10962311
11013950
11045570
11046322
11090679
11099503
11117426
11171805
11199066
11204709
11236475
11239591
11247996
11341480
11351834
11367790
11387601
11433588
11484870
11583307
11592464
11613432
11634701
11707414
11717214
11730789
11777401
11789332
11800408
11827940
11855150
11856086
11898409
11945923
11952013
11963992
11973068
11978373
12006112
12012608
12092176
12095926
12135207
12149331
12186210
12318856
12365523
12391305
12401025
12405584
12490408
12524123
12561163
12628437
12669067
12695644
12707866
12719474
12729811
12736129
12862747
12944319
13107680
13138866
13255710
13277133
13368872
13488916
13504144
13531134
13547281
13742085
13757806
13805942
13868690
13882841
13886303
13922379
13952328
14017207
14079465
14130918
14133102
14175725
14233449
14234948
14238559
14259723
14265619
14362609
14400138
14414030
14445851
14459603
14502753
14516489
14521738
14549698
14622357
14653016
14705749
14762385
14770143
14803514
14898220
14910443
14953163
14954617
15001086
15025611
15120498
15178965
15182446
15186338
15282321
15400188
15440186
15563547
15580360
15592682
15604000
15604280
15650674
15651314
15652573
15672027
15689924
15868551
16010487
16037104
16112653
16174922
16196997
16288163
16347185
16387735
16433367
16476590
16538635
16575283
16604993
16641758
16721649
16746221
16757556
16784858
16931288
16953177
17007776
17035721
17042582
17166055
17222020
17254455
17274886
17355502
17573484
17574847
17603558
17770646
17862581
17888541
17938156
17964147
17976525
17978988
18010018
18052383
18083099
18163731
18189202
18267814
18274489
18288214
18301400
18366014
18450689
18488193
18503114
18545392
18562413
18568736
18611308
18665089
18677757
18683527
18791322
18800654
18891005
18892504
18942711
18954644
19010354
19014221
19024302
19063565
19106304
19326365
19387055
19447578
19491162
19497474
19514400
19595855
19631677
19639141
19682781
19785113
19860390
19874913
19882338
19926485
20056839
20165358
20187054
20197244
20211479
20226086
20241946
20258002
20345334
20394510
20402197
20420865
20503035
20509873
20562659
20587701
20596713
20834623
20846016
20858595
20870780
20916144
20949918
20970772
21009382
21093969
21107393
21116435
21137349
21191279
21307687
21354944
21393291
21454490
21527957
21557510
21573765
21636659
21641648
21668790
21681776
21720759
21726605
21940873
21940912
21957708
21993288
22021566
22131935
22179418
22209989
22211308
22219400
22238568
22268744
22327499
22342180
22390215
22391341
22399311
22399416
22461596
22507301
22569674
22666998
22677959
22693098
22719174
22721350
22740948
22743287
22781714
22794549
22827130
22839981
22871487
22885664
22947285
22976999
22988557
23014646
23063363
23089101
23097374
23158420
23191950
23209312
23212560
23266111
23279161
23311376
23384355
23457569
23513649
23527933
23547610
23591848
23602613
23653654
23736225
23788824
23821816
23860141
23882451
23896919
23920082
23966233
23968567
23977673
24042547
24049999
24178639
24187105
24223818
24249918
24319714
24350430
24356151
24412131
24432283
24552605
24563670
24590517
24650175
24834979
24838882
24852236
24869156
24900301
24910214
24963940
24972428
25052840
25056892
25062279
25107975
25116745
25159804
25185927
25201711
25250576
25270621
25273945
25275532
25336387
25346832
25400706
25452714
25501327
25515767
25535385
25556865
25566177
25598759
25662028
25677990
25690091
25740593
25802628
25808382
25843598
25884396
25934353
25947330
26114371
26125587
26137121
26148874
26155209
26164928
26167563
26173970
26238607
26262749
26287744
26342169
26346055
26384889
26406563
26417170
26440334
26540422
26568376
26574450
26613100
26661979
26676801
26698207
26714624
26726394
26792724
26808885
26823697
26837715
26894926
26923309
26948126
26963627
26967107
27075967
27097258
27099190
27142547
27151666
27166018
27179199
27372755
27404096
27429982
27442783
27476728
27642974
27646164
27680672
27720551
27736960
27825865
27878422
27890755
27938137
28076391
28113348
28130832
28247899
28250002
28263205
28328229
28381396
28395989
28413139
28478903
28498389
28520807
28622037
28647633
28648962
28668083
28802402
28843130
28850153
28861434
28903339
28916272
28931781
28968101
29008934
29015209
29067633
29096977
29113929
29183548
29323892
29398506
29435775
29440966
29461813
29468778
29483826
29524162
29662562
29696835
29719870
29724476
29727894
29737119
29744724
29823023
29848281
29862735
29893254
29978160
29988126
30041622
30092371
30102460
30128767
30168478
30209394
30269332
30281970
30319611
30322363
30326178
30335812
30419051
30539748
30552064
30611321
30622512
30631449
30652078
30713924
30715270
30745262
30748346
30757622
30827002
30841187
30879805
30920850
30941353
30961708
30965293
30984181
30991603
31061589
31083558
31089870
31099629
31148226
31162342
31172373
31176124
31178052
31243262
31346178
31350214
31363323
31389695
31454724
31472860
31477420
31515392
31677198
31731855
31747182
31896966
31927043
32005516
32065603
32128863
32174770
32190989
32224366
32285277
32289638
32304976
32368375
32481795
32486076
32498172
32560873
32634767
32672019
32672794
32777352
32778510
32861694
32898123
32902871
32921055
32993928
33110355
33131603
33288099
33299566
33312861
33321884
33377229
33438168
33444149
33503742
33616255
33658404
33738406
33739812
33744220
33777236
33831015
33870137
33872139
33894161
34103686
34120193
34164447
34230445
34243415
34249836
34291710
34299097
34317536
34330940
34334039
34375972
34387648
34424457
34434104
34447185
34486482
34556780
34557020
34583600
34601117
34626023
34636326
34707689
34739021
34740134
34751015
34756348
34799488
34868466
34883376
35014058
35031445
35071996
35134081
35168338
35180384
35188903
35296097
35400106
35403624
35480963
35486667
35497904
35506551
35521986
35597766
35612755
35655020
35677334
35747098
35897911
35911136
35992128
35992530
36030195
36077425
36080170
36099757
36126069
36160818
36168843
36174336
36174915
36186630
36194735
36202916
36219410
36282205
36303950
36322588
36346213
36385765
36412327
36422279
36441208
36498568
36516203
36571090
36590968
36619012
36752414
36753965
36788223
36846066
36869684
37055355
37058623
37067492
37140683
37140834
37235934
37271172
37295143
37354722
37428174
37434696
37434712
37502267
37557363
37578225
37627061
37663245
37716095
37737777
37739048
37805133
37935191
37940327
37942920
38032833
38045693
38052047
38071391
38100999
38111264
38144314
38187736
38215315
38297544
38440679
38529237
38557782
38578085
38748005
38748884
38813779
38845138
38867913
38877952
38907701
38926168
38955791
39013068
39032722
39088172
39115967
39213624
39222869
39238634
39313174
39338057
39351905
39370723
39402777
39424487
39425316
39428540
39462919
39493458
39513837
39627518
39680347
39771926
39863385
39956716
40066714
40125198
40195662
40196134
40291424
40470421
40480082
40525756
40527516
40531154
40674711
40726732
40752418
40768622
40797919
40884622
40972214
41153811
41163489
41201174
41225312
41308172
41318715
41345936
41413540
41420404
41473965
41582539
41623026
41696376
41732678
41755226
41768104
41776229
41782818
41871025
42241854
42243685
42308148
42321550
42337622
42339441
42352098
42386581
42397163
42536271
42555067
42609593
42623716
42708499
42797000
42820204
42826162
42839982
42862265
42871191
42922094
42983020
43020368
43025907
43093388
43142972
43153327
43157740
43165465
43275001
43278819
43284132
43309934
43313025
43337338
43523934
43559811
43690696
43761026
43813253
43834141
43870014
43921409
43938723
43951588
44002286
44035123
44036654
44054256
44082191
44105022
44120595
44235342
44313352
44330449
44330713
44331699
44372391
44434244
44463673
44536923
44537232
44540024
44553239
44623903
44624739
44655080
44710758
44769726
44790004
44800439
44943039
45014595
45047959
45105330
45107809
45118487
45130387
45183137
45253683
45332083
45344549
45397107
45426282
45427887
45429929
45431194
45478083
45542508
45568027
45577552
45579772
45767035
45822673
45904070
45925151
45938284
45943742
45971407
45984226
46014874
46042745
46064338
46070416
46188251
46216883
46250875
46324164
46363189
46373196
46434660
46543923
46573549
46602368
46620625
46624645
46636475
46650960
46749871
46756606
46844491
46852974
46969049
46988845
47012975
47059178
47080826
47082761
47109371
47186727
47196670
47225197
47230614
47310461
47316420
47358794
47407128
47465484
47474200
47493509
47522434
47582051
47690516
47700801
47743736
47848571
47885901
47889142
47898909
47914063
47914995
47915245
48004604
48016879
48058206
48137860
48228812
48300481
48339372
48368576
48381428
48418490
48438357
48477409
48502137
48502929
48512619
48517480
48529451
48629638
48633393
48639673
48656595
48659150
48679793
48731264
48749349
48763738
48787903
48804942
48821943
48848473
48862558
48888483
48899978
48907010
48917728
48943807
48978322
48980619
49013734
49083655
49181168
49185612
49304083
49311438
49314400
49334119
49412186
49529066
49598870
49620499
49636160
49667375
49729511
49734773
49767606
49769534
49787373
49849032
49873827
49906929
49918053
50054055
50112720
50157245
50179808
50184322
50258258
50331186
50344382
50375330
50380778
50461267
50467335
50486394
50514018
50519853
50542940
50551054
50583733
50617129
50653103
50665887
50766539
50776128
50784876
50793961
50805862
50810881
50887196
50960809
50964833
50969144
51017194
51072759
51094402
51141820
51197936
51234543
51253288
51267636
51300374
51312253
51337908
51341582
51367301
51429802
51448169
51455464
51486897
51546946
51558617
51624705
51640876
51723744
51871010
51905223
51910489
51930971
52005196
52120100
52164543
52165237
52203309
52212518
52261843
52307307
52340452
52432291
52466355
52510944
52552492
52609141
52619366
52676741
52710631
52711228
52754479
52789184
52792010
52793856
52831853
52833345
52879143
52898716
52905925
52907916
52983643
52992530
53055675
53057781
53074378
53127723
53157470
53180197
53248081
53251373
53262380
53281706
53304050
53332907
53341213
53358061
53362138
53378117
53419454
53428297
53467166
53478920
53489307
53555964
53599363
53625667
53681127
53757232
53808152
53886523
53927827
53986417
54073925
54107067
54189200
54280908
54289616
54347414
54375081
54460597
54465247
54486767
54491232
54504581
54509002
54550936
54576951
54581371
54603725
54607082
54655339
54657823
54731728
54747122
54747523
54750053
54864915
54916798
54957666
55043330
55046572
55070973
55078747
55090464
55099792
55143316
55241404
55263717
55319103
55343659
55409200
55434239
55554642
55560402
55608423
55641415
55729619
55752929
55865199
55890466
55987659
56073444
56144152
56240589
56302664
56429652
56455414
56553702
56613346
56640377
56656583
56690488
56731344
56811723
56867507
56878143
56898584
56997952
57036683
57106850
57108751
57118519
57231792
57248272
57258058
57323650
57363436
57385089
57398802
57412362
57479109
57607701
57618752
57763017
57770751
57781914
57865913
57882750
57980770
58090635
58182020
58235275
58256871
58296062
58304281
58340151
58382021
58432148
58450313
58506322
58542908
58560461
58589516
58607326
58625239
58648681
58657643
58737309
58773472
58819163
58822991
58828118
58839797
58912343
58933580
59008758
59085635
59150019
59154187
59219678
59297949
59361671
59389900
59477545
59502815
59616529
59627608
59642070
59703643
59759062
59767570
59816916
59826623
59950820
60089745
60164497
60173060
60198369
60344462
60371762
60410081
60434286
60443837
60519058
60537765
60627000
60643123
60653871
60659141
60677582
60682859
60714604
60751758
60780625
60785043
60947907
60948745
60963529
60970208
60972057
61043019
61071239
61107158
61124321
61129342
61163266
61238991
61264846
61279735
61282931
61290614
61416827
61448319
61489105
61505360
61524227
61559237
61561539
61605480
61701320
61706210
61708169
61737179
61795130
61866852
61893235
61928662
61971878
61987437
62008016
62164420
62169608
62170429
62180287
62277157
62281821
62313015
62317469
62369442
62459710
62484269
62502018
62520192
62538507
62659966
62663912
62665501
62669788
62698276
62699790
62713784
62798770
62816068
62831522
62855970
62918165
62945346
62954846
63021567
63124919
63164634
63178920
63207155
63210856
63236440
63384877
63422729
63457801
63501566
63518398
63564539
63588861
63634458
63645273
63767464
63768897
63854664
63890893
63910055
63920082
63929722
63986232
64030901
64073059
64125245
64128388
64154169
64166468
64187735
64203747
64210910
64229469
64243690
64290736
64331501
64345396
64358063
64387829
64405926
64457085
64460486
64501268
64517373
64550824
64661503
64683793
64698090
64796452
64948710
64958912
64999406
65004684
65030756
65034944
65045416
65059437
65061392
65100033
65163150
65209206
65210154
65252104
65297612
65298861
65307766
65360481
65390921
65416163
65428543
65460107
65462742
65467112
65581124
65746254
65781448
65821117
65879873
65883190
65886851
66046339
66049764
66104731
66151401
66166534
66172247
66185108
66185805
66315263
66319745
66384093
66386774
66387791
66429147
66439739
66480860
66538299
66541571
66564234
66587483
66588575
66589331
66635820
66701121
66724769
66891706
66914454
66934965
66945384
66948279
67057487
67065484
67287045
67326974
67359421
67432541
67487196
67527331
67577055
67606917
67609352
67645703
67657389
67667224
67678110
67684779
67693285
67730856
67803817
67810481
67863024
67913046
67914821
67916118
67935806
67951475
67954922
67991671
68027380
68027901
68046569
68056432
68079585
68228005
68248385
68258626
68259918
68263154
68266102
68266527
68296788
68464668
68495080
68502787
68513041
68539435
68582355
68597897
68618147
68639984
68830680
68841692
68881441
68895550
68982568
69044069
69053268
69198462
69228124
69262159
69289395
69309881
69331897
69378316
69443235
69490475
69494048
69533024
69559450
69561916
69608646
69664123
69723976
69825830
69844547
69936344
69979371
70010104
70061331
70097171
70098913
70205613
70208639
70211398
70305396
70424780
70503171
70581558
70657188
70657742
70724198
70747585
70791262
70810397
70820788
70905741
70916189
70924675
70935114
71022155
71075751
71146183
71224437
71229224
71251282
71319182
71326498
71367217
71385445
71392849
71393195
71395396
71414646
71497909
71592717
71605255
71651090
71690917
71694414
71761334
71795218
71892474
71916429
71958861
71964507
72049663
72059359
72069081
72074432
72106999
72115347
72147479
72158637
72187529
72212552
72237951
72258828
72308705
72325811
72351673
72359679
72370288
72381954
72390375
72519220
72520063
72549831
72559560
72660527
72684235
72686831
72723363
72743370
72781774
72835276
72864618
72887345
72909568
72947292
72987337
72989359
73054505
73176943
73200439
73268380
73298730
73305843
73339674
73340894
73358030
73396455
73426678
73448234
73524641
73619397
73631194
73660132
73683839
73738028
73782393
73792086
73800470
73900512
73904806
73916799
73922262
73937664
74026498
74076961
74100946
74148179
74148183
74156121
74175965
74196166
74217219
74229660
74325081
74389110
74422814
74432752
74550786
74593021
74608352
74622199
74676170
74797198
74884982
74927087
74977040
74988021
75060073
75081203
75105892
75141560
75200282
75250517
75254240
75256576
75360293
75377434
75449356
75468159
75493514
75509997
75513023
75545277
75561389
75571275
75626073
75658702
75728164
75732855
75777541
75852161
75876179
75900620
75981053
76062606
76114287
76117517
76120920
76169616
76260359
76280955
76315997
76340788
76364982
76368079
76497627
76527229
76592188
76622000
76726237
76748698
76778477
76851862
76913540
76977375
76978821
77021343
77060261
77070109
77111925
77146781
77184338
77185599
77253786
77260242
77357041
77410184
77455289
77479949
77493998
77511293
77630672
77642072
77726306
77748798
77750299
77766385
77776505
78012129
78086349
78162660
78163028
78223447
78248916
78263125
78292378
78317256
78350254
78409317
78410582
78458061
78475527
78504470
78570239
78571463
78603313
78629260
78647262
78655520
78708521
78742688
78746862
78865370
78881686
78988664
79031517
79120434
79171418
79177039
79228105
79488113
79572593
79580746
79611184
79628977
79629886
79708978
79714481
79720604
79750726
79868498
79936424
79950470
79956660
80022458
80049008
80190534
80208264
80291188
80357305
80422316
80427198
80476854
80494651
80498232
80531344
80559019
80594373
80600801
80681904
80731583
80791671
80831978
80834651
80866339
80944607
80950860
80957993
81091357
81106403
81117992
81152964
81157259
81176940
81265880
81454012
81456810
81476902
81532186
81564910
81578610
81646204
81695175
81821923
81836008
81931646
81955793
81967815
81973837
82039759
82105417
82116937
82120481
82355483
82363206
82490520
82494640
82546038
82559074
82560101
82619504
82636928
82657056
82699718
82764459
82802995
82810234
82870411
82895186
82909666
82942196
82984312
83063041
83083639
83096332
83118917
83123130
83138328
83209608
83245583
83264552
83310120
83320571
83352270
83355863
83440073
83448042
83451517
83475590
83483664
83590067
83590814
83596877
83641111
83753523
83812547
83834727
83838691
83855364
83924663
84062864
84093232
84109595
84231059
84259463
84270423
84304911
84325493
84445394
84446531
84490424
84511252
84539145
84640046
84668396
84716079
84729827
84754937
84759072
84765909
84803149
84812975
84813567
84814919
84820000
84881313
84897696
84926561
84937575
84962021
85064079
85090786
85114958
85159832
85162790
85210041
85281913
85312465
85331903
85350839
85355956
85385037
85410554
85458294
85459204
85478009
85483736
85548898
85553218
85562342
85603810
85626318
85655025
85710387
85726679
85727661
85728567
85771162
85795306
85987823
86017665
86053031
86099526
86101891
86106820
86129097
86163169
86175480
86217813
86241052
86249309
86325317
86381839
86400182
86415361
86419987
86460966
86464336
86476548
86555959
86632946
86640754
86664351
86699048
86729331
86851795
86963381
87043433
87068994
87144689
87155593
87241901
87300303
87325009
87381666
87437963
87455210
87482653
87630079
87651085
87700524
87731151
87750724
87772721
87995079
88054319
88082042
88091506
88116247
88157672
88210678
88306593
88312226
88315490
88329680
88364278
88379135
88397346
88432775
88437180
88479923
88530326
88628114
88642123
88646861
88648659
88703865
88737380
88828115
88832453
88832584
88834073
88884044
88911568
88946828
89026626
89051054
89090755
89155040
89157812
89210564
89242575
89248156
89274432
89291667
89298041
89375918
89390382
89421146
89469794
89485724
89487579
89516973
89589708
89633794
89661824
89705414
89764447
89931805
89969138
89999946
90006476
90010523
90022511
90035560
90064320
90068133
90071017
90123080
90137156
90161449
90206398
90224781
90239715
90242870
90294280
90314661
90494342
90505815
90593479
90631843
90637373
90677419
90697336
90731250
90754516
90762931
90864004
90875485
90894463
90980914
91037497
91051566
91052115
91089168
91137275
91180229
91248419
91303732
91354956
91381543
91429098
91511551
91541578
91607739
91665809
91688318
91715952
91729833
91730944
91811289
91836381
91867844
91868972
91921627
92044105
92048522
92090890
92102106
92112759
92206788
92244413
92347899
92379451
92461173
92497124
92681596
92719479
92743329
92794205
92898994
92916623
92978514
93009221
93078001
93159030
93160339
93210313
93272416
93295416
93298814
93406565
93432862
93461482
93480825
93536357
93572336
93605206
93633116
93645008
93766762
93876332
93903965
93932293
94047167
94105621
94114117
94185200
94269344
94322259
94356834
94362766
94373852
94534287
94545937
94578790
94607464
94615347
94664210
94703122
94705471
94744753
94836159
94934907
94944425
94948732
94950380
94951007
95040715
95049184
95081271
95142884
95147955
95252295
95254999
95307730
95343708
95355394
95365070
95391082
95454964
95455170
95512861
95539704
95555116
95762243
95779338
95816334
95908100
95934771
95963904
95997169
96005568
96089954
96174765
96179987
96241722
96274536
96277805
96296192
96325509
96369568
96457583
96482283
96496725
96568482
96584993
96599037
96688555
96718782
96772582
96802336
96888761
96934195
97030579
97045467
97053610
97110917
97113584
97214808
97220029
97252756
97279196
97315459
97371416
97419980
97444988
97456508
97530168
97570767
97661755
97675170
97711984
97756965
97790870
97805240
97902736
97906935
97910155
97923849
97944604
97959248
97971268
98013301
98015439
98059016
98097445
98111639
98149944
98168100
98193770
98201989
98306840
98307653
98316518
98318676
98320101
98422682
98435784
98529321
98574681
98648334
98681470
98742240
98845537
98950774
98959364
98970432
99001363
99053363
99055228
99055578
99095596
99095950
99144459
99225411
99387653
99419434
99466559
99468786
99534526
99545726
99563265
99733732
99748889
99914121
99979204
