66.40187191963196
1000
1000
-99899839
-99336913
-99127995
-98940900
-98495677
-98169288
-97851495
-97813399
-97406468
-97284743
-97114799
-96820842
-96717376
-96555797
-96335394
-95998855
-95992919
-95610465
-95523824
-95265306
-95071539
-94857079
-94784962
-94627730
-94505577
-94426893
-94419368
-94324443
-94184795
-94041742
-93982578
-93939130
-93812649
-93788692
-93656522
-93612875
-93465051
-93347470
-92936317
-92811607
-92787161
-92658645
-92622296
-92430885
-92216191
-91879626
-91694070
-91501691
-91494935
-91248702
-91234488
-91140832
-91071992
-90635998
-90627103
-90547985
-90288233
-89851383
-89051230
-88764482
-88631059
-88506957
-88329899
-88222092
-88168158
-88033598
-87959801
-87732613
-87544020
-87419894
-87381928
-86553677
-86531147
-86051681
-86022790
-85457857
-85399730
-85348146
-85323789
-85299736
-84875433
-84831146
-84788312
-84707093
-83899623
-83688179
-83084688
-82855218
-82703334
-82640195
-82047563
-81848929
-81494954
-81329714
-81213476
-80630049
-80623261
-80442100
-79933392
-79724628
-79560580
-79432201
-79223208
-79165227
-78784432
-78737860
-78620075
-78458002
-78240612
-77960340
-77925749
-77646776
-77486057
-76859365
-76761590
-76745850
-76729373
-76464672
-76387915
-76366031
-76319643
-76292145
-75329832
-75094420
-74960949
-74909606
-74807327
-74569181
-74540916
-74331483
-74195237
-74153229
-74056161
-73503454
-73482634
-73336287
-73312715
-73184594
-72239477
-72067484
-71718488
-71648655
-71615373
-71435024
-71182045
-70971826
-70922366
-70725672
-70717699
-70487780
-70359560
-70326842
-69833457
-69792478
-69255940
-69238159
-69202586
-68946671
-67995635
-67886203
-67768900
-67550856
-67485841
-67124607
-67113306
-66777399
-66614175
-66308824
-66111683
-66060598
-66011869
-65146075
-64794262
-64789228
-64553572
-64242690
-64020399
-63969917
-63881479
-63530130
-63000822
-62777250
-62731236
-62710686
-62657101
-62573145
-62512419
-62461681
-61497691
-60667917
-60603090
-60583314
-60239497
-59481639
-59450866
-59387948
-59006273
-58827609
-58665324
-58573569
-58568566
-58515847
-58509998
-58457618
-58064723
-57979163
-57709685
-57666693
-57363319
-57302873
-57300005
-57219451
-57064659
-57061133
-56964301
-56908696
-56906523
-56823777
-56786113
-56784095
-56714671
-56656259
-56568426
-56548601
-56496324
-56387677
-56375771
-56223286
-56149461
-56079597
-56069733
-56028146
-56001903
-55819004
-55527766
-55260587
-54766671
-54695083
-54665357
-54651006
-54373653
-54178802
-54093516
-53765365
-53756956
-53748629
-53373924
-53309196
-52959484
-52743414
-52371085
-52327107
-52276547
-52171780
-52125619
-51950422
-51855891
-51744325
-51670023
-51492245
-51331341
-51287522
-51263284
-50010003
-49959886
-49748393
-49695771
-49601486
-48655482
-48247669
-48153707
-48066771
-47275235
-47190645
-47151242
-46768201
-46642644
-46526021
-46348452
-46295169
-46084752
-46017475
-45991177
-45706120
-45547751
-45453665
-45292036
-45205040
-45104615
-45071852
-45003599
-44390684
-44352041
-44238262
-44019775
-43975547
-43804753
-43551951
-43488428
-43242455
-43218539
-42531093
-42030788
-41866216
-41579967
-41441698
-41281040
-41023325
-41005898
-40802713
-40485024
-40296039
-39484616
-39405017
-39396918
-39336487
-39331255
-39214686
-39199183
-38742889
-38691537
-38564962
-38454101
-38297157
-37523111
-37304997
-36986090
-36777759
-36773536
-36661153
-36242502
-36091196
-35973403
-35960639
-35957222
-35875352
-35335513
-35123743
-35102711
-35020647
-34398709
-34329865
-34178725
-33934435
-33823941
-33779551
-33575077
-33407048
-33207820
-32959248
-32856537
-32766608
-32615423
-32568087
-32413309
-31978231
-31817509
-31726308
-31680244
-31670491
-31548902
-31354522
-31299572
-30267366
-30055038
-29840254
-29799854
-29711307
-29611282
-29358038
-29298123
-29046964
-28985284
-28655600
-28489920
-27327056
-27301258
-26897915
-26735112
-26459832
-26387654
-26379856
-26259171
-26163762
-26060807
-25977681
-25911089
-25678288
-25446344
-25244933
-25084023
-24371380
-24365286
-24318267
-24174104
-24071789
-24056282
-23986018
-23939604
-23750722
-23673329
-23671493
-23654102
-23225294
-23214158
-22823595
-22282739
-22084944
-21928151
-21792844
-21621294
-21526386
-20725659
-20720160
-20653691
-20629011
-20202816
-20143172
-19818894
-19779886
-19672574
-19203735
-19098858
-18820677
-18469567
-18465139
-18403106
-18213974
-17446253
-17258416
-17091355
-17013908
-16766152
-16543395
-16464906
-16446598
-15967084
-15823001
-15506696
-15422986
-14982866
-14935575
-14715767
-14562264
-14485580
-13909978
-13789419
-13773372
-13620813
-13380159
-13377784
-13220094
-13116600
-13039636
-12991208
-12636469
-12572792
-12530412
-12362113
-12224301
-12045087
-11749019
-11344254
-11318316
-10925361
-10897089
-10887084
-10702551
-10674904
-10278907
-10251819
-10203423
-10030752
-9859849
-9835773
-9798412
-9463483
-9348223
-9286040
-9281114
-9228992
-8944714
-8511400
-8493064
-8292945
-8211282
-7254802
-7037636
-6946835
-6893451
-6807492
-6400763
-6179883
-5921445
-5694939
-5565745
-5045257
-4721876
-4710450
-4650174
-4600083
-4256880
-4155663
-4001972
-3726869
-3638511
-2775858
-2728646
-2616893
-2472202
-2231256
-2104900
-2089355
-1953677
-1824034
-1544875
-1209126
-1041556
-1023443
-722832
-690462
-418594
-335827
413391
452263
850734
1199894
1207739
1506221
1535129
1715251
1848634
1933856
2008693
2113445
2216186
2334006
2541532
2909912
2994697
3342303
3483888
3514326
3611346
3792076
3917202
3956984
3973063
4291242
4311127
4646232
4863421
4907551
5108972
5248311
5410252
6128493
6438916
6844049
6882676
7429976
7470443
8073004
8335826
8377253
8459409
8655734
8755015
8790133
9312858
9473136
9498682
9951981
10186397
10512658
10551258
10980383
11052537
11216903
11267608
11386549
11652108
12040624
12138209
12372480
12384908
12385581
12492788
12685117
12689317
12971470
13209861
13365254
13418587
13664940
14717671
14879913
15368544
15615631
15859689
15918063
16098706
16459422
16807807
16843462
16889953
16939699
17378112
17922711
18019623
18138526
18250355
18384873
18633522
18678740
19186999
19421828
19573492
19659404
19758418
19875828
19963087
19982788
20080698
20125709
20175917
20310203
20677137
20853620
20977288
21211109
21644048
21914826
22030833
22386446
22882766
22927478
23095004
23555313
23576518
23841358
24073058
24321395
24372767
24486352
24716886
25281736
25432673
25746472
26629827
26996789
27188315
27614983
27673913
27762643
28168556
28345130
28352492
29014252
29374295
29726153
29839443
30022212
30234094
30376438
30594294
30701529
30805354
31108188
31193911
31380236
31507309
31726016
31840740
31863968
31915663
32326274
32551368
32554072
32564381
32988159
33028204
33328465
33398103
33424441
33449542
33799663
34119490
34392795
34442623
34768227
34803576
34988030
35041260
35274768
35456563
35468316
35577579
35665195
35747000
36075983
36369576
36434826
36465821
36466593
36599167
37010091
37615016
37625892
37802718
37806325
38361132
38542463
38638669
38642652
39240650
39539676
39802718
39941350
39974466
40067196
40298138
40903824
41004105
41035902
41142515
41428211
41454565
41481416
41629821
41781333
42172207
42186086
42620666
42674706
42675318
42781284
43061184
43467958
43474802
43795012
43965652
43974072
44035779
44040823
44248704
44590476
44871340
45295703
45339687
45464633
45622358
45813856
45946646
46014294
46095292
46170972
46306244
46355998
46671398
46700076
46777214
46967865
47223150
47429127
47507617
47775671
48063175
48077619
48124155
48194856
48714132
49273762
49277647
49367688
49403358
49501350
49521536
49561000
49755551
49882604
50026083
50376054
50632018
50784776
50922890
51007254
51047458
51243823
51552454
51573758
51764992
52120004
52648334
52872559
53119745
53354210
53581046
53593596
53873889
53925332
54396295
55576900
56024332
56528519
56675630
56881043
57246033
57310900
57700282
57746537
57857337
57869760
58180290
58186522
58254948
58313880
58367763
58557701
58979850
59075970
59326390
59414203
59620588
59792624
60040592
60253355
60355380
60701886
60757952
60897463
61491625
61749712
62407860
63076078
63616946
63682207
64094992
64264673
64708146
64754853
65160661
65450036
65468043
65621676
65678058
65855366
65893817
65959858
66143241
66273725
66983678
68088173
68295738
68469255
68575616
68638921
68679600
68834996
69482596
69565973
70056444
70291236
70397268
70528772
71092455
71379217
71771743
71872613
71913827
72186799
72428437
72653455
72761063
73103889
73208866
73307758
73308208
73476992
74063934
74090927
74328770
74459917
74477296
74699429
75083378
75229935
75244449
75278116
75396365
75600258
75850401
75864572
76101254
76117607
76190678
76508474
76579185
76691825
78097124
78123972
78147921
78625739
79958408
80121104
80215004
80447360
80554999
80938602
81184476
81239161
81399811
81640326
81858824
82070269
82321443
82360113
82537023
82714692
82726375
82850871
82993715
83066025
83474506
83639110
83661917
84016877
84048977
84229073
85218840
85268579
85298121
85336455
85432129
85883375
86086883
86164924
86429455
86468524
86479812
87045316
87330759
87415093
88015061
88241710
88669206
88712175
88741782
89413303
89449558
90001611
90243045
90456531
90633037
90679706
90994521
91196524
91389415
91686181
91706441
92037999
92308474
92355688
92400579
92738906
92741838
93413189
93844320
93875147
94137825
94182288
94288881
94967728
95013342
95118610
95346112
95467675
95523361
95681182
95920212
96296476
96447053
96490646
96638600
96731060
96871451
97194018
98086496
98177692
98217748
98296545
98307971
98420879
98809685
99138149
99260124
99275455
99354623
99663884
99671359
