1000
-999364061
-996007302
-995039832
-994488331
-993275263
-992968911
-992595627
-988881815
-986137185
-983752182
-982811534
-981822967
-979886897
-977399201
-975684343
-974843249
-974577969
-973910124
-971609299
-969907962
-969521964
-965748312
-965229152
-961533264
-954047623
-953485295
-948955399
-948952730
-948875824
-948275806
-947687363
-946861050
-946582871
-946388880
-936861271
-932406004
-931414260
-930801435
-928336746
-926766266
-919715911
-916799583
-916434656
-914899411
-914547011
-909989584
-906881559
-906172500
-905760895
-904588381
-903715939
-898444844
-895010071
-892723146
-891523588
-890772562
-889620413
-888807154
-887276339
-886980747
-885376637
-884218397
-883223296
-882246633
-881159032
-880202354
-878978017
-877913140
-875256817
-872383508
-869605001
-865513546
-862675356
-859586153
-857983592
-853804521
-852731416
-852463376
-851395264
-851157416
-848880520
-848021845
-847469338
-846962660
-846767353
-844401152
-842537249
-842233299
-838475896
-836543631
-831408201
-830831547
-829975394
-829382872
-827916570
-821865087
-820883553
-813533700
-813335063
-812205759
-809635698
-809487624
-806790352
-804191626
-803719605
-803653682
-798130767
-795844590
-795564744
-794691011
-794065266
-793004033
-792967012
-790324428
-788528963
-786469597
-785913458
-783860349
-779633806
-779302910
-778734462
-777537694
-774888596
-773428097
-773103853
-773032217
-771512507
-767764572
-765948527
-764187821
-761868385
-761793093
-758576668
-756193503
-755102611
-754213828
-750456743
-740281173
-737967976
-736809710
-731385217
-719943283
-718679076
-715266486
-711106899
-705596497
-705564277
-705455305
-703641537
-702606716
-700140773
-698851358
-697732224
-696080965
-694938586
-693339715
-691652637
-684548715
-684491808
-684487782
-684205982
-681854107
-680916807
-677136145
-676557432
-676181113
-674457845
-674283812
-674002517
-670697774
-667974891
-667306431
-666045968
-660867390
-659170463
-648530605
-646911472
-645970079
-645349012
-640806445
-638819193
-636708667
-630878768
-629316965
-628148199
-627521453
-623967460
-623731533
-623551772
-623101810
-623095151
-622324580
-621102369
-618545305
-618439900
-617095152
-617068368
-616210699
-614939325
-612663753
-610887980
-608617897
-607439075
-607262766
-606371557
-603629203
-601988071
-599629889
-597069859
-594607673
-592179483
-592116791
-589307407
-587933904
-586256874
-585826640
-580435310
-580253706
-580160357
-579024559
-578856379
-571749855
-570512395
-570358855
-565152692
-564540617
-564293202
-562762194
-561362288
-560552578
-560013605
-549581813
-548785879
-546828458
-546550843
-545915120
-545634887
-544519062
-542633550
-536931664
-535178691
-534905992
-534158627
-533194025
-533107876
-528051557
-524861768
-522876416
-521070735
-520290380
-518431328
-516857585
-511762339
-511240863
-508390360
-508105944
-507987548
-507847594
-506776366
-501531852
-501035292
-498055273
-495649430
-495317548
-492610454
-491264710
-488940075
-485419551
-485158826
-481155428
-477345688
-470714071
-464152097
-461990909
-461080284
-456097472
-455714567
-455549334
-453937866
-453006932
-450285752
-448262422
-448243128
-442561031
-442340612
-442032073
-438624033
-438205247
-436597226
-434541302
-434494208
-432074349
-432054227
-429253636
-429194542
-427185994
-424131347
-419802919
-416255749
-416176801
-415675783
-414374067
-413259862
-402055842
-401121486
-401007389
-395457040
-392814496
-392238872
-390197434
-388660411
-387562536
-385527740
-384235977
-383143799
-382260280
-380010702
-379947304
-378339264
-376029663
-375079210
-370432752
-370286970
-367384081
-364729714
-361693646
-357379550
-356390687
-354057284
-352643144
-351627231
-351002330
-349721937
-348484562
-347941340
-346263951
-345569512
-344619630
-341326198
-340079419
-338246581
-333356595
-331001194
-327370706
-324721728
-323101433
-322887144
-320464892
-315007487
-313978423
-311091708
-311089408
-310534338
-305145244
-303419843
-299349378
-296869899
-287410226
-287324583
-287180000
-286325768
-285664065
-285173009
-282182650
-279182844
-278686644
-272916081
-271646327
-271362866
-268112335
-266950480
-265139465
-261723725
-252508122
-251624197
-248224877
-247866350
-246792054
-245832339
-245221899
-243379036
-239092660
-237657411
-237568799
-236967929
-235247796
-230127574
-227834360
-225929747
-224065312
-222446000
-221928708
-219184640
-214847494
-214413633
-213701243
-206429661
-206309073
-205217322
-203256978
-203214487
-202139630
-197104546
-196273998
-195469057
-195162867
-190932264
-190732231
-190446668
-190284064
-190267964
-184921311
-182369715
-180517631
-179225384
-178841505
-178207779
-176187431
-173532256
-172596236
-171806609
-170286909
-170177993
-169738329
-163768370
-163323675
-160605091
-160289737
-152386857
-151425271
-148384246
-148282010
-144272042
-143623971
-135301372
-130536769
-126418056
-126237664
-125597711
-120820543
-115771189
-114010431
-111203795
-110844377
-110558900
-107952756
-106345801
-102021011
-100998339
-100960959
-100280820
-96214773
-95000777
-94349228
-94277132
-92917159
-92847908
-92576423
-92205282
-91670189
-88121485
-77670340
-76090506
-67194199
-67064210
-66537365
-65563380
-64930280
-64308845
-63307281
-60974696
-60128347
-57714790
-54738896
-54299848
-53114903
-53087421
-51547410
-47843527
-46579853
-45102421
-42456688
-36506181
-34356647
-30861997
-29022202
-28374413
-25560769
-24072226
-19305331
-18302363
-16085629
-10457169
-10155976
-8829155
-8267623
-1731117
537606
1371053
6330199
7413284
10183776
12686046
15503683
17250742
21105173
21412312
22095871
29062968
32295000
32392606
33253264
35445518
35703651
38473732
39679182
40177710
40375820
42066060
44433260
47634493
49138319
50238852
50403007
50428586
52948061
54684983
56652745
56967528
62731341
63320407
66470337
66951334
67348112
67949263
68627046
69763416
70520718
71910227
74915686
75255556
75678403
77753229
78369889
79848356
84588466
84768829
85109155
85788257
97073344
98270606
103281797
106384354
107097836
107282284
108164705
108832153
109310621
110297439
113408512
120854791
120925664
120935031
121247906
122330337
123426359
123701091
125138682
130407187
132779971
135413321
136240176
138366862
142000011
144891475
147675891
147853652
156556272
158516683
159312557
160562556
164654255
165668184
166950414
168515475
171523999
172899580
173378026
180042108
181353530
183748762
186716497
187496969
189938961
191714834
192293167
195083061
197893119
198347670
199090798
199341585
199546833
202009717
202874537
209123019
209915575
211949212
213007734
214428323
215723278
217789285
218751134
219594881
220069682
222512301
223282400
231432827
236104757
236502360
238504765
238650454
243592354
243920536
244972162
247860685
249754942
249930356
251589804
255806736
255873814
260336216
261176613
262393868
264314811
265648916
265754822
266351148
271581304
273348407
274303418
274699335
274885197
274926406
277203077
277766644
280225880
280653456
282655708
287237770
288343938
292571837
293190569
293763634
298171706
303026578
304879438
305357716
307522111
307732880
309454827
309714909
311030540
313926617
314294165
316057121
317349516
318290490
318763602
320345710
326196670
326912347
333537297
334897087
336874974
337968204
340767049
343550359
344152179
344360754
344715293
345510363
346055355
347774059
347860572
347948453
348624615
350410580
350667132
352091587
354816239
355701110
356700356
357850725
357886384
358064994
358087335
359406122
366216368
368592174
369892613
373123717
374760212
375369913
377310322
386582919
392640899
393530778
394668506
395729200
397517015
397922985
398829259
399350022
402070136
402810257
403124676
403299748
403682197
404806440
412119294
416883063
417937336
418646224
420121884
421660401
426697646
427192953
428019614
428189516
430209581
430529151
436537357
436935476
437097830
439653768
443140312
443733978
447884098
448145186
454642456
454896572
457855222
460605090
461063470
461365644
463797385
464931724
468046726
468740620
468782937
472397483
472641711
475674692
478804795
480125420
482140219
489434416
491408989
492998689
494382802
494613553
497568332
499674316
500735349
501167929
505798092
506228214
506265464
506937661
510768288
511902488
512203742
514565453
515586272
521480269
522184407
523809577
526413195
527904637
528164189
531603709
535221797
537987493
541846334
543134474
546412550
548228156
549460083
555113913
556238064
556517041
557914486
559060396
559095660
560702196
561775460
562053675
566674322
567188397
568548664
574612102
580850374
583394535
584294389
586636522
587987562
596054942
596550899
597128815
598579589
599549119
602821029
603818119
609257499
609624361
610289259
618872999
621054170
628844850
629078592
630421954
632893370
634535042
636881319
638822851
642920551
645470102
646811563
649852257
653066857
653648779
653908752
654522922
655345065
657382760
657644972
661044835
664302227
666068574
668698397
669218213
673180999
673402669
675065421
676750442
677225837
679598302
685036147
685658870
686187810
688333224
690261826
692214970
693449245
698534157
702011848
703230538
705512794
710950595
712168459
713135283
717970937
718917134
719947535
721472330
722947595
724600667
724851340
726487164
729337327
731429981
732042860
732629510
735526517
736150871
737831704
738012978
738742388
739259415
740694631
741562453
744392925
748149863
748349204
749568166
750606696
752054462
752637316
753786146
755036776
761747488
764499275
767694976
770928263
773034999
774372607
775518351
776359336
777115733
778390654
785077788
791848021
794841076
795341282
802195725
802824172
805194731
806003633
806185104
807526539
808069933
808588190
809303223
809311675
813357934
813640575
815923666
817885510
824603987
827855023
828972054
831812941
832086541
833324137
833501969
835544407
838724704
839581484
844749053
845367326
849725173
851741254
856250131
856477349
856647473
856744773
857056955
857150291
857391342
858312750
858515573
859384852
860115664
860638026
860722380
867441112
872954070
873534839
874150022
879398512
879657912
881842767
883466848
890980541
891169830
894155179
906408623
906491648
911738261
915093486
918570949
921224875
922022909
922237236
924093943
927976542
929063188
932965146
936186176
943338850
946205676
948475424
951682833
953050533
953444817
954440718
959055525
963311659
966148751
966157782
968208900
968400420
969504420
970534090
971131888
971974640
972104202
974640892
978213046
979255793
981352706
982065645
982164880
982318530
986513484
987149411
989058738
996188594
997172525
999949363
