1000
21432756
-49488213
137280
-3859431
17074754
24917683
-9755356
-32491527
-24436399
35972218
49693814
8763218
-21168691
-14014391
15292436
13025552
-36392978
9671950
-41782957
-8875739
42915730
-31876318
30565606
18263309
49117455
-23574653
48417675
-38982441
-2245798
19444904
18168153
-22784520
4916090
-5188236
41604914
-39691828
-8778266
-43063893
42786273
-13361841
-18309345
18425682
22010185
-27916657
8342171
-34853992
-3207181
-7726561
12478104
-4528052
14289954
2391967
-8520062
25857409
-46499447
-35451880
-1174101
32394375
-16563812
24904857
32283986
3200890
-14095691
1127916
17494207
41532927
19090713
1876641
36232179
11569570
-27646562
11204594
40468303
-44797778
-35761370
8767204
-36436304
47757999
2259416
-16484059
33164606
25623036
25715363
-5531375
11988256
18892121
1552363
4362807
-3191708
44798504
-12667244
7058370
-4502774
36513235
-35058337
38656941
19491231
-34547305
-23578722
-19293561
24830002
36369462
26845525
15174237
-9542362
-24786016
45740059
-38975131
43829768
-9068805
35409126
-41932042
-21737499
1763668
7318329
-1395986
-32213793
7849321
-17511403
43357116
16273935
-19417208
-4008802
-12720813
17931725
-11359005
-558249
-42736560
-15717707
49721911
17080760
45765214
22916390
-9102747
32389835
-38449200
-12157477
-31796153
32109462
-46617645
-42165105
-38500395
-10632645
16913798
-49854006
-5011592
14190358
-14790205
-8967723
39455044
8772597
-37389507
11604821
5704143
38544783
35358464
9169291
-49314006
-11925615
30761651
-10285583
49156805
-30280461
12411497
21566996
-6949331
48119414
-3597640
23735128
19084529
-32786869
10447975
32112533
5740676
-25945502
5228952
14321672
-27757338
-25709866
32185041
-15114372
-36085335
44167253
-14583298
-41606093
31775473
24410820
-35801548
-11583045
-31436479
21479490
-27770577
-7087870
-13418848
235770
37662487
9873445
-41707026
-40437513
11153612
-25354095
29983308
49833942
-46702214
-30967034
-28028632
-4035930
-44116484
-5646791
-43532886
10024395
-1151601
-15010028
-36240720
6620890
-42093077
7228514
-12170737
-32619644
48022373
14770763
3698257
5160644
33832026
2330923
14591710
-21911155
40625285
8220496
2639037
29038177
-49927518
-7113752
-49794259
-41752323
-25300057
33271980
32592576
-10842828
26797313
-22129722
-29475883
36170342
7553506
-24581082
29703735
28981801
-17538438
-37416390
-14229008
-17957515
21348853
21063814
30161148
10124256
17132377
-14530353
-24145072
-48899921
-24401850
21054829
45510264
-35673167
20210958
30462965
-32504651
18806162
-33145947
8856243
19017991
28711288
-48459015
7250964
-28498216
-39408507
47681146
-34258056
33710477
15988642
-29164804
10613854
-11946281
35920859
3342290
3118809
21917147
41508804
2405486
-42520484
40780817
37391424
3101853
37892211
-22694396
47200503
-34246375
17864793
-16017269
-23856126
-28126776
47443080
34117771
-2957725
41840012
-15503290
-26166974
-11491079
25461437
11767713
-8653763
-39022313
20638559
-4963375
-12052219
10878971
26677341
30745615
-49152767
-31074134
-19681418
-38714748
-5655797
1116616
-21088082
-17176875
-25848326
-40560783
8258564
3479415
-9745971
47248285
42580148
18078165
-29830615
33242905
11179154
7414183
6447953
21202298
-17008539
-4248612
-19678256
23199700
-34808179
-18036855
-29665401
25792145
-19501804
-33103294
8003229
15180726
40229072
-361747
-42354256
-47405121
-40571733
35513637
30127296
27761940
38027264
7224228
48490687
20361595
-19493058
-41740551
45412015
28015740
-18333218
36026600
-18215669
-26816600
-48834326
45852857
-23419541
-17147784
-10867022
-23957994
33875725
-37087475
1246655
-33224975
22115892
-38483512
47511645
48291845
-38740677
22502874
-27299159
-9491314
20263876
31468171
48040689
-39891727
-17321546
20270035
11541192
-25820747
-14264497
7489905
-8520955
41466720
-10742372
15190867
-5037019
47836770
-14632209
42307145
-12378352
25008834
5031805
35656461
35943436
15955335
-4635591
19653912
-22856989
-40074330
1815156
19121235
-42506016
31074978
21857989
6726367
-31272103
1640427
-17488856
16645554
-27752140
-35039074
4690060
36845786
-22873921
-11076668
-36281198
-37785790
-39763761
-20575584
38527407
26431139
-5205911
-2397548
-47381392
47188264
21465173
-47295998
-32160224
-19612100
32446374
7180883
-29053428
49174998
-31562754
-37865168
39033107
-7370207
49670684
33630077
-37536969
26839101
40457939
8089264
37302750
-49331695
40303531
-32846973
-23178197
35757700
13137184
-20905109
365999
28131372
47786967
11844526
-6240750
-12752641
-24511908
-46899548
28399768
10910040
-21066865
-17618348
35015040
41472542
20636429
-10069961
-11945270
-7772053
-15285137
13004258
-8773684
42098565
41207475
21626784
833721
34312490
23276668
-49861072
-25953094
-8360868
-20038290
-12111279
-30901419
-24743384
49802286
-2723109
44420968
11067018
13481773
15226281
11526656
-21406173
-47628951
-3565150
35655648
21766512
-44126279
-30222276
21483585
-48507745
31991425
-34820258
-15900712
8817248
-27100593
31910103
16987699
-34400059
-31951322
22726858
-9445348
1376339
-41980268
31005555
-36222109
40143690
-14012048
4462920
-31958398
-41585517
37291150
-30633622
46568599
-41445761
47388258
11950292
8016998
18787771
-27806909
-30276894
38242131
28476607
28157043
-44452103
10348620
34607631
-24534028
-38138784
44254240
-26722792
-23438438
-23966917
-17262806
-22634064
-24026424
-36444723
49814749
-948675
47329241
48945290
26344950
-23726615
-30855446
8115381
22728934
-15141844
43791299
-26241237
-4956725
-41925788
-45863254
-36670667
40690966
-43655447
-1253668
22388201
-21953713
13308250
43617210
19450447
19758496
-33446182
8272162
-603758
-17760758
-20690948
13878238
13770860
11278426
16368993
12918897
-10066092
33415177
-25561896
-12082027
-46080648
28178623
-18301377
19186765
21545394
-10688514
20295949
9754122
11107500
-13314823
-10909438
31178269
34773344
-17195874
-36986692
-37350041
-39430415
-9822803
38375782
26189439
-28924241
39823109
549854
25201852
24850328
-35960085
39417577
-11834538
-40748930
-29024402
4223691
-5072327
30687175
-40726395
43260846
-28034249
-24479548
10367341
-42160379
41032693
37479026
44449689
-22587973
-22977814
44010940
8152026
-26998542
45399203
37637189
31303210
15033807
200236
15211118
2378685
29371484
-43286527
21337979
14202234
22627250
48586962
-27730138
-29499070
49075926
20681482
38966178
-41755306
35208752
2133486
5761013
12043024
-24367017
47331467
38040691
24478494
-1774783
32101904
-19003977
10994351
-23534766
-18470916
-33328259
-3737273
-9874940
-46969150
-13708910
-31323001
49931357
-32510438
32121110
18030791
2386921
38217569
-17835884
11175954
-17122064
47013367
-21698143
17636880
-27528966
-21625375
-27823871
-45297342
-10785822
23077524
46018765
-45441867
31090931
8685622
-23056371
12561291
45706690
28519582
34332720
-44001758
-27080735
42546835
-49458791
-11166725
-17637396
-43245043
21367002
-7074110
24304160
-5291756
48011795
21857281
-14736122
-20158846
-18517704
28767026
39527647
-13572277
-10305163
48002426
-49332509
-27407748
-25905140
24171373
-26604662
-46946643
-3099188
47932797
17782421
-20616330
49699930
47998881
-37006601
-11311196
-35289594
9720039
-32336092
-46685355
30725935
-49926560
36014832
12203131
41207298
43086648
-46793834
-45108607
31093250
-32505939
8474411
-7094799
-34338352
-36940479
-44405019
27710762
6467211
-31063069
-30659946
48577480
4470686
44679063
5912727
-27623862
-43595710
6633434
-10497399
-18670815
-2350533
6374575
7329605
15762583
-48204980
40957091
-14957278
-729056
25688178
3361269
-29549690
-44961073
34039571
48733539
-30117336
-24083963
-37362
19798561
-31213531
1544894
41467165
-44025659
-13492658
43322282
5934914
15579218
-26214101
-22675677
44966800
-8092149
44398640
37434004
-37145716
-45080925
9085627
-4141548
-27631305
30014172
31877880
2052951
-4700154
26274359
-5381755
11470236
30688828
-47383488
22006954
-571651
-10542525
-26768353
47724232
-46653850
37014513
-22703153
-36886098
47362057
39448765
-7350504
16854378
27895718
39403122
38839194
16878400
-43912125
-41175588
-10181540
10096422
-49962833
2145627
10951896
43643049
-46644096
-7194969
42664637
21000543
7946625
8490240
-30098081
-48215409
18303306
-250458
48895534
-650474
-47686954
-48111833
18117951
16312854
-8825400
-40901159
-5001635
-8110956
25632196
-39723705
43826896
-13376258
-3469208
-7863822
-33856213
25090328
-1995050
31464863
-444526
-11969132
-3932579
36889727
37786224
-30107772
20285220
43229324
-22599984
10879658
-15124105
25030430
42649197
-1306926
-4822744
49734966
-23956310
45917878
39231370
44509335
-9713207
32264523
-31665633
36930797
25109471
-14006682
8164543
-22321502
-21501565
2779254
46096100
-47335988
20474636
3845663
21956552
-38647152
-37851762
24043195
21090650
-18531504
39575308
-2220227
5739553
33617856
-20692365
-19634761
-31927498
-24380492
4598187
-14332692
-6813551
25724461
29001033
9663617
-5699698
399230
-27493433
-44631690
-44475092
29492219
-47988313
-29751021
47895033
40171764
17103702
4498007
39144382
21020940
-30289908
-31611709
1351425
30625837
42511921
-48127265
-37764722
-9716402
-28798667
38189888
12744804
8072452
39263398
-8922048
4492340
25085098
-33286626
34678984
49243323
3119767
-22091926
-29566320
-40862447
-44951028
29136360
-7258388
19278970
-41875223
3408512
-33899394
-32576488
35792636
26259550
19720082
-19188990
19080145
-43032381
44335804
21524686
-22683705
33617682
9753492
-41694980
11709279
1429292
45136610
-1833719
