1000
-549581813
122330337
732629510
189938961
-135301372
609624361
795341282
-520290380
67348112
-969907962
32392606
-51547410
265754822
106384354
636881319
-618545305
394668506
-570358855
894155179
75255556
-125597711
-54738896
50428586
-691652637
-983752182
-731385217
-846962660
-236967929
735526517
-160289737
10183776
-96214773
-703641537
661044835
857150291
274303418
-29022202
-348484562
491408989
403124676
677225837
-66537365
344152179
7413284
-470714071
373123717
981352706
805194731
-916799583
-617095152
-285173009
951682833
238650454
-948955399
77753229
-666045968
-432054227
-719943283
218751134
-700140773
568548664
-931414260
-831408201
-219184640
987149411
858515573
-597069859
-378339264
-60974696
15503683
574612102
531603709
478804795
-773428097
555113913
337968204
69763416
-928336746
68627046
138366862
-610887980
-492610454
468740620
-261723725
-820883553
722947595
108832153
-213701243
-640806445
556238064
-19305331
-34356647
255873814
-190446668
-92847908
-803719605
-271646327
-813533700
-618439900
-448262422
879398512
288343938
859384852
202009717
-179225384
494382802
333537297
398829259
144891475
510768288
108164705
-311089408
-670697774
932965146
-485158826
629078592
-95000777
52948061
-585826640
506228214
-10155976
-674283812
-953485295
136240176
213007734
-842537249
979255793
-102021011
642920551
-852463376
668698397
130407187
922237236
845367326
-92576423
857391342
-477345688
313926617
856250131
653648779
-587933904
-546550843
-416255749
98270606
132779971
-390197434
921224875
764499275
307522111
690261826
-674002517
598579589
832086541
-453937866
-827916570
630421954
247860685
-456097472
831812941
359406122
-338246581
752637316
197893119
724851340
-859586153
347774059
-401121486
809311675
583394535
879657912
271581304
468782937
749568166
460605090
-698851358
-205217322
191714834
-245832339
-46579853
-608617897
-320464892
-495649430
346055355
350667132
-560013605
392640899
463797385
537987493
982164880
368592174
-806790352
-144272042
358087335
-65563380
32295000
-616210699
494613553
211949212
-438624033
356700356
-148282010
125138682
-287410226
911738261
-903715939
-829975394
-346263951
-356390687
-60128347
-636708667
-180517631
-178841505
-809487624
-946861050
-779302910
-648530605
264314811
580850374
-110844377
971974640
501167929
767694976
856477349
173378026
638822851
-413259862
-464152097
475674692
-380010702
251589804
-884218397
543134474
-286325768
243592354
-705596497
906491648
-914547011
-498055273
123426359
-370432752
953444817
236104757
603818119
546412550
-736809710
35703651
344360754
860638026
-623101810
-427185994
-891523588
-754213828
-771512507
-248224877
-169738329
280653456
-628148199
461063470
741562453
-323101433
-461080284
-53087421
-877913140
-352643144
-862675356
180042108
824603987
-809635698
-28374413
-645970079
-883223296
199341585
-107952756
833501969
303026578
-88121485
-345569512
358064994
-992968911
618872999
-872383508
318763602
497568332
183748762
-383143799
-315007487
209915575
738012978
343550359
806003633
158516683
-434494208
-617068368
274926406
-684205982
-946582871
309714909
856744773
-853804521
-794065266
927976542
426697646
-630878768
107282284
314294165
166950414
265648916
-311091708
-992595627
-914899411
664302227
-545634887
317349516
-453006932
655345065
-995039832
318290490
40375820
-898444844
326196670
-542633550
-47843527
963311659
-765948527
-890772562
-623731533
62731341
-266950480
724600667
-91670189
710950595
437097830
468046726
-282182650
-750456743
499674316
-684491808
156556272
439653768
71910227
202874537
-195162867
-793004033
222512301
-904588381
-203256978
806185104
-906881559
770928263
84588466
-676181113
813640575
849725173
366216368
738742388
464931724
982318530
-296869899
282655708
168515475
557914486
50403007
354816239
430209581
-886980747
-455549334
-481155428
-63307281
-612663753
739259415
397922985
-100998339
-25560769
-954047623
-195469057
-930801435
287237770
748349204
-592116791
828972054
377310322
881842767
-243379036
-795564744
305357716
47634493
249754942
109310621
-623967460
120935031
352091587
-755102611
74915686
-92205282
943338850
511902488
-544519062
-237657411
348624615
-461990909
-880202354
-442561031
-224065312
-507987548
-740281173
29062968
774372607
38473732
654522922
-8267623
-434541302
223282400
-830831547
-975684343
-172596236
-579024559
-57714790
-916434656
-92917159
740694631
737831704
219594881
454642456
-106345801
-401007389
-450285752
-501035292
-622324580
-528051557
-94277132
320345710
-702606716
645470102
556517041
85788257
-977399201
85109155
-705455305
142000011
844749053
966157782
-676557432
978213046
-239092660
890980541
775518351
685036147
-271362866
693449245
999949363
344715293
559060396
791848021
657382760
602821029
393530778
506265464
50238852
-571749855
457855222
-794691011
-170286909
-170177993
42066060
-778734462
-803653682
-448243128
-299349378
-982811534
586636522
181353530
-857983592
135413321
-681854107
-812205759
489434416
632893370
-594607673
-847469338
-414374067
-961533264
-562762194
49138319
-842233299
-788528963
-869605001
-379947304
-214847494
307732880
802195725
-838475896
-774888596
-521070735
-344619630
21105173
97073344
777115733
566674322
-384235977
753786146
874150022
514565453
-184921311
515586272
482140219
559095660
705512794
84768829
-511240863
-382260280
454896572
-758576668
-416176801
195083061
587987562
522184407
-614939325
809303223
244972162
-76090506
-341326198
717970937
-357379550
-171806609
929063188
-971609299
-684487782
-783860349
750606696
673402669
-627521453
-667306431
596550899
982065645
-599629889
-846767353
-16085629
255806736
-645349012
974640892
386582919
-152386857
669218213
-354057284
-45102421
857056955
-932406004
946205676
395729200
436935476
277766644
-324721728
-965229152
-592179483
-442032073
-993275263
-143623971
-936861271
403299748
-495317548
292571837
472397483
-110558900
304879438
147675891
-100280820
-895010071
-340079419
609257499
-230127574
-564540617
-646911472
-370286970
-395457040
21412312
103281797
-322887144
972104202
-659170463
-536931664
277203077
12686046
399350022
-111203795
147853652
334897087
-756193503
-279182844
402070136
403682197
214428323
808069933
-603629203
192293167
187496969
-94349228
-432074349
421660401
721472330
217789285
326912347
427192953
-548785879
-892723146
-190284064
-30861997
-18302363
447884098
-160605091
560702196
676750442
679598302
-875256817
827855023
-909989584
-737967976
-773032217
-508105944
-865513546
808588190
-77670340
-287324583
851741254
-761793093
-272916081
273348407
-182369715
883466848
-516857585
-693339715
794841076
-848880520
164654255
729337327
-176187431
966148751
-629316965
280225880
120925664
954440718
340767049
986513484
-24072226
-227834360
731429981
260336216
778390654
891169830
44433260
274699335
33253264
-64930280
443140312
-331001194
-246792054
-511762339
968400420
959055525
160562556
375369913
-878978017
-252508122
-8829155
-715266486
-436597226
199090798
-821865087
428189516
860115664
971131888
-130536769
653066857
402810257
-852731416
-638819193
79848356
702011848
-926766266
-565152692
-813335063
512203742
262393868
397517015
243920536
584294389
535221797
-10457169
744392925
-564293202
675065421
-790324428
110297439
996188594
599549119
309454827
-163768370
-429253636
528164189
249930356
480125420
-245221899
505798092
-804191626
-534905992
610289259
-545915120
621054170
-623551772
915093486
-424131347
56652745
726487164
-779633806
761747488
-621102369
-786469597
561775460
-601988071
-522876416
-151425271
215723278
316057121
165668184
-999364061
686187810
-387562536
-570512395
-485419551
-836543631
-667974891
948475424
-402055842
-347941340
-994488331
835544407
-54299848
-680916807
-278686644
-711106899
-221928708
-1731117
67949263
692214970
872954070
-607439075
428019614
39679182
107097836
1371053
-946388880
-351002330
-851395264
649852257
-674457845
813357934
776359336
-392238872
-148384246
443733978
634535042
-979886897
-507847594
-442340612
-222446000
448145186
-696080965
123701091
712168459
-488940075
628844850
-660867390
936186176
420121884
159312557
646811563
357886384
209123019
596054942
-305145244
653908752
713135283
-560552578
-415675783
347860572
-881159032
261176613
120854791
-844401152
54684983
-533107876
802824172
404806440
-67064210
748149863
-285664065
-247866350
-114010431
-697732224
-948952730
63320407
220069682
-392814496
236502360
418646224
113408512
-906172500
-419802919
732042860
-310534338
298171706
755036776
336874974
-764187821
-981822967
-524861768
719947535
-190267964
-327370706
293763634
293190569
-351627231
521480269
461365644
752054462
-561362288
673180999
-173532256
66951334
198347670
357850725
231432827
347948453
-53114903
121247906
-623095151
-589307407
997172525
-919715911
-882246633
-367384081
-203214487
666068574
-829382872
-580253706
657644972
-268112335
-115771189
-197104546
-100960959
-364729714
-67194199
685658870
815923666
-534158627
-885376637
-376029663
-501531852
-887276339
773034999
22095871
688333224
266351148
171523999
-694938586
838724704
500735349
-974577969
906408623
274885197
833324137
-773103853
-206309073
969504420
-606371557
549460083
186716497
417937336
-586256874
506937661
-518431328
-948275806
436537357
953050533
-535178691
-190932264
-851157416
698534157
350410580
-388660411
-533194025
-506776366
-333356595
412119294
785077788
70520718
-287180000
-265139465
172899580
-202139630
968208900
-948875824
430529151
567188397
-848021845
-965748312
736150871
-196273998
-225929747
17250742
238504765
526413195
-677136145
989058738
-718679076
-767764572
-988881815
924093943
374760212
-986137185
-64308845
355701110
-508390360
523809577
-455714567
-163323675
856647473
537606
-429194542
-969521964
-905760895
6330199
-385527740
-973910124
472641711
-546828458
-974843249
839581484
-607262766
369892613
-42456688
199546833
-375079210
-214413633
-178207779
541846334
75678403
873534839
-684548715
-792967012
-777537694
-126418056
-126237664
922022909
492998689
-947687363
562053675
-206429661
-313978423
416883063
703230538
-303419843
-889620413
867441112
-761868385
345510363
858312750
970534090
597128815
-190732231
35445518
860722380
-491264710
78369889
-785913458
-888807154
817885510
918570949
-580160357
-798130767
-580435310
-237568799
-120820543
-705564277
56967528
-438205247
548228156
-795844590
-251624197
40177710
527904637
-996007302
807526539
718917134
-349721937
66470337
311030540
-235247796
-578856379
-361693646
-36506181
