45.85205817222595
1000
1000
-49962833
-49927518
-49926560
-49861072
-49854006
-49794259
-49488213
-49458791
-49332509
-49331695
-49314006
-49152767
-48899921
-48834326
-48507745
-48459015
-48215409
-48204980
-48127265
-48111833
-47988313
-47686954
-47628951
-47405121
-47383488
-47381392
-47335988
-47295998
-46969150
-46946643
-46899548
-46793834
-46702214
-46685355
-46653850
-46644096
-46617645
-46499447
-46080648
-45863254
-45441867
-45297342
-45108607
-45080925
-44961073
-44951028
-44797778
-44631690
-44475092
-44452103
-44405019
-44126279
-44116484
-44025659
-44001758
-43912125
-43655447
-43595710
-43532886
-43286527
-43245043
-43063893
-43032381
-42736560
-42520484
-42506016
-42354256
-42165105
-42160379
-42093077
-41980268
-41932042
-41925788
-41875223
-41782957
-41755306
-41752323
-41740551
-41707026
-41694980
-41606093
-41585517
-41445761
-41175588
-40901159
-40862447
-40748930
-40726395
-40571733
-40560783
-40437513
-40074330
-39891727
-39763761
-39723705
-39691828
-39430415
-39408507
-39022313
-38982441
-38975131
-38740677
-38714748
-38647152
-38500395
-38483512
-38449200
-38138784
-37865168
-37851762
-37785790
-37764722
-37536969
-37416390
-37389507
-37350041
-37145716
-37087475
-37006601
-36986692
-36940479
-36886098
-36670667
-36444723
-36436304
-36392978
-36281198
-36240720
-36222109
-36085335
-35960085
-35801548
-35761370
-35673167
-35451880
-35289594
-35058337
-35039074
-34853992
-34820258
-34808179
-34547305
-34400059
-34338352
-34258056
-34246375
-33899394
-33856213
-33446182
-33328259
-33286626
-33224975
-33145947
-33103294
-32846973
-32786869
-32619644
-32576488
-32510438
-32505939
-32504651
-32491527
-32336092
-32213793
-32160224
-31958398
-31951322
-31927498
-31876318
-31796153
-31665633
-31611709
-31562754
-31436479
-31323001
-31272103
-31213531
-31074134
-31063069
-30967034
-30901419
-30855446
-30659946
-30633622
-30289908
-30280461
-30276894
-30222276
-30117336
-30107772
-30098081
-29830615
-29751021
-29665401
-29566320
-29549690
-29499070
-29475883
-29164804
-29053428
-29024402
-28924241
-28798667
-28498216
-28126776
-28034249
-28028632
-27916657
-27823871
-27806909
-27770577
-27757338
-27752140
-27730138
-27646562
-27631305
-27623862
-27528966
-27493433
-27407748
-27299159
-27100593
-27080735
-26998542
-26816600
-26768353
-26722792
-26604662
-26241237
-26214101
-26166974
-25953094
-25945502
-25905140
-25848326
-25820747
-25709866
-25561896
-25354095
-25300057
-24786016
-24743384
-24581082
-24534028
-24511908
-24479548
-24436399
-24401850
-24380492
-24367017
-24145072
-24083963
-24026424
-23966917
-23957994
-23956310
-23856126
-23726615
-23578722
-23574653
-23534766
-23438438
-23419541
-23178197
-23056371
-22977814
-22873921
-22856989
-22784520
-22703153
-22694396
-22683705
-22675677
-22634064
-22599984
-22587973
-22321502
-22129722
-22091926
-21953713
-21911155
-21737499
-21698143
-21625375
-21501565
-21406173
-21168691
-21088082
-21066865
-20905109
-20692365
-20690948
-20616330
-20575584
-20158846
-20038290
-19681418
-19678256
-19634761
-19612100
-19501804
-19493058
-19417208
-19293561
-19188990
-19003977
-18670815
-18531504
-18517704
-18470916
-18333218
-18309345
-18301377
-18215669
-18036855
-17957515
-17835884
-17760758
-17637396
-17618348
-17538438
-17511403
-17488856
-17321546
-17262806
-17195874
-17176875
-17147784
-17122064
-17008539
-16563812
-16484059
-16017269
-15900712
-15717707
-15503290
-15285137
-15141844
-15124105
-15114372
-15010028
-14957278
-14790205
-14736122
-14632209
-14583298
-14530353
-14332692
-14264497
-14229008
-14095691
-14014391
-14012048
-14006682
-13708910
-13572277
-13492658
-13418848
-13376258
-13361841
-13314823
-12752641
-12720813
-12667244
-12378352
-12170737
-12157477
-12111279
-12082027
-12052219
-11969132
-11946281
-11945270
-11925615
-11834538
-11583045
-11491079
-11359005
-11311196
-11166725
-11076668
-10909438
-10867022
-10842828
-10785822
-10742372
-10688514
-10632645
-10542525
-10497399
-10305163
-10285583
-10181540
-10069961
-10066092
-9874940
-9822803
-9755356
-9745971
-9716402
-9713207
-9542362
-9491314
-9445348
-9102747
-9068805
-8967723
-8922048
-8875739
-8825400
-8778266
-8773684
-8653763
-8520955
-8520062
-8360868
-8110956
-8092149
-7863822
-7772053
-7726561
-7370207
-7350504
-7258388
-7194969
-7113752
-7094799
-7087870
-7074110
-6949331
-6813551
-6240750
-5699698
-5655797
-5646791
-5531375
-5381755
-5291756
-5205911
-5188236
-5072327
-5037019
-5011592
-5001635
-4963375
-4956725
-4822744
-4700154
-4635591
-4528052
-4502774
-4248612
-4141548
-4035930
-4008802
-3932579
-3859431
-3737273
-3597640
-3565150
-3469208
-3207181
-3191708
-3099188
-2957725
-2723109
-2397548
-2350533
-2245798
-2220227
-1995050
-1833719
-1774783
-1395986
-1306926
-1253668
-1174101
-1151601
-948675
-729056
-650474
-603758
-571651
-558249
-444526
-361747
-250458
-37362
137280
200236
235770
365999
399230
549854
833721
1116616
1127916
1246655
1351425
1376339
1429292
1544894
1552363
1640427
1763668
1815156
1876641
2052951
2133486
2145627
2259416
2330923
2378685
2386921
2391967
2405486
2639037
2779254
3101853
3118809
3119767
3200890
3342290
3361269
3408512
3479415
3698257
3845663
4223691
4362807
4462920
4470686
4492340
4498007
4598187
4690060
4916090
5031805
5160644
5228952
5704143
5739553
5740676
5761013
5912727
5934914
6374575
6447953
6467211
6620890
6633434
6726367
7058370
7180883
7224228
7228514
7250964
7318329
7329605
7414183
7489905
7553506
7849321
7946625
8003229
8016998
8072452
8089264
8115381
8152026
8164543
8220496
8258564
8272162
8342171
8474411
8490240
8685622
8763218
8767204
8772597
8817248
8856243
9085627
9169291
9663617
9671950
9720039
9753492
9754122
9873445
10024395
10096422
10124256
10348620
10367341
10447975
10613854
10878971
10879658
10910040
10951896
10994351
11067018
11107500
11153612
11175954
11179154
11204594
11278426
11470236
11526656
11541192
11569570
11604821
11709279
11767713
11844526
11950292
11988256
12043024
12203131
12411497
12478104
12561291
12744804
12918897
13004258
13025552
13137184
13308250
13481773
13770860
13878238
14190358
14202234
14289954
14321672
14591710
14770763
15033807
15174237
15180726
15190867
15211118
15226281
15292436
15579218
15762583
15955335
15988642
16273935
16312854
16368993
16645554
16854378
16878400
16913798
16987699
17074754
17080760
17103702
17132377
17494207
17636880
17782421
17864793
17931725
18030791
18078165
18117951
18168153
18263309
18303306
18425682
18787771
18806162
18892121
19017991
19080145
19084529
19090713
19121235
19186765
19278970
19444904
19450447
19491231
19653912
19720082
19758496
19798561
20210958
20263876
20270035
20285220
20295949
20361595
20474636
20636429
20638559
20681482
21000543
21020940
21054829
21063814
21090650
21202298
21337979
21348853
21367002
21432756
21465173
21479490
21483585
21524686
21545394
21566996
21626784
21766512
21857281
21857989
21917147
21956552
22006954
22010185
22115892
22388201
22502874
22627250
22726858
22728934
22916390
23077524
23199700
23276668
23735128
24043195
24171373
24304160
24410820
24478494
24830002
24850328
24904857
24917683
25008834
25030430
25085098
25090328
25109471
25201852
25461437
25623036
25632196
25688178
25715363
25724461
25792145
25857409
26189439
26259550
26274359
26344950
26431139
26677341
26797313
26839101
26845525
27710762
27761940
27895718
28015740
28131372
28157043
28178623
28399768
28476607
28519582
28711288
28767026
28981801
29001033
29038177
29136360
29371484
29492219
29703735
29983308
30014172
30127296
30161148
30462965
30565606
30625837
30687175
30688828
30725935
30745615
30761651
31005555
31074978
31090931
31093250
31178269
31303210
31464863
31468171
31775473
31877880
31910103
31991425
32101904
32109462
32112533
32121110
32185041
32264523
32283986
32389835
32394375
32446374
32592576
33164606
33242905
33271980
33415177
33617682
33617856
33630077
33710477
33832026
33875725
34039571
34117771
34312490
34332720
34607631
34678984
34773344
35015040
35208752
35358464
35409126
35513637
35655648
35656461
35757700
35792636
35920859
35943436
35972218
36014832
36026600
36170342
36232179
36369462
36513235
36845786
36889727
36930797
37014513
37291150
37302750
37391424
37434004
37479026
37637189
37662487
37786224
37892211
38027264
38040691
38189888
38217569
38242131
38375782
38527407
38544783
38656941
38839194
38966178
39033107
39144382
39231370
39263398
39403122
39417577
39448765
39455044
39527647
39575308
39823109
40143690
40171764
40229072
40303531
40457939
40468303
40625285
40690966
40780817
40957091
41032693
41207298
41207475
41466720
41467165
41472542
41508804
41532927
41604914
41840012
42098565
42307145
42511921
42546835
42580148
42649197
42664637
42786273
42915730
43086648
43229324
43260846
43322282
43357116
43617210
43643049
43791299
43826896
43829768
44010940
44167253
44254240
44335804
44398640
44420968
44449689
44509335
44679063
44798504
44966800
45136610
45399203
45412015
45510264
45706690
45740059
45765214
45852857
45917878
46018765
46096100
46568599
47013367
47188264
47200503
47248285
47329241
47331467
47362057
47388258
47443080
47511645
47681146
47724232
47757999
47786967
47836770
47895033
47932797
47998881
48002426
48011795
48022373
48040689
48119414
48291845
48417675
48490687
48577480
48586962
48733539
48895534
48945290
49075926
49117455
49156805
49174998
49243323
49670684
49693814
49699930
49721911
49734966
49802286
49814749
49833942
49931357
