0.4346923828125
499500
1000
49931357
49833942
49814749
49802286
49734966
49721911
49699930
49693814
49670684
49243323
49174998
49156805
49117455
49075926
48945290
48895534
48733539
48586962
48577480
48490687
48417675
48291845
48119414
48040689
48022373
48011795
48002426
47998881
47932797
47895033
47836770
47786967
47757999
47724232
47681146
47511645
47443080
47388258
47362057
47331467
47329241
47248285
47200503
47188264
47013367
46568599
46096100
46018765
45917878
45852857
45765214
45740059
45706690
45510264
45412015
45399203
45136610
44966800
44798504
44679063
44509335
44449689
44420968
44398640
44335804
44254240
44167253
44010940
43829768
43826896
43791299
43643049
43617210
43357116
43322282
43260846
43229324
43086648
42915730
42786273
42664637
42649197
42580148
42546835
42511921
42307145
42098565
41840012
41604914
41532927
41508804
41472542
41467165
41466720
41207475
41207298
41032693
40957091
40780817
40690966
40625285
40468303
40457939
40303531
40229072
40171764
40143690
39823109
39575308
39527647
39455044
39448765
39417577
39403122
39263398
39231370
39144382
39033107
38966178
38839194
38656941
38544783
38527407
38375782
38242131
38217569
38189888
38040691
38027264
37892211
37786224
37662487
37637189
37479026
37434004
37391424
37302750
37291150
37014513
36930797
36889727
36845786
36513235
36369462
36232179
36170342
36026600
36014832
35972218
35943436
35920859
35792636
35757700
35656461
35655648
35513637
35409126
35358464
35208752
35015040
34773344
34678984
34607631
34332720
34312490
34117771
34039571
33875725
33832026
33710477
33630077
33617856
33617682
33415177
33271980
33242905
33164606
32592576
32446374
32394375
32389835
32283986
32264523
32185041
32121110
32112533
32109462
32101904
31991425
31910103
31877880
31775473
31468171
31464863
31303210
31178269
31093250
31090931
31074978
31005555
30761651
30745615
30725935
30688828
30687175
30625837
30565606
30462965
30161148
30127296
30014172
29983308
29703735
29492219
29371484
29136360
29038177
29001033
28981801
28767026
28711288
28519582
28476607
28399768
28178623
28157043
28131372
28015740
27895718
27761940
27710762
26845525
26839101
26797313
26677341
26431139
26344950
26274359
26259550
26189439
25857409
25792145
25724461
25715363
25688178
25632196
25623036
25461437
25201852
25109471
25090328
25085098
25030430
25008834
24917683
24904857
24850328
24830002
24478494
24410820
24304160
24171373
24043195
23735128
23276668
23199700
23077524
22916390
22728934
22726858
22627250
22502874
22388201
22115892
22010185
22006954
21956552
21917147
21857989
21857281
21766512
21626784
21566996
21545394
21524686
21483585
21479490
21465173
21432756
21367002
21348853
21337979
21202298
21090650
21063814
21054829
21020940
21000543
20681482
20638559
20636429
20474636
20361595
20295949
20285220
20270035
20263876
20210958
19798561
19758496
19720082
19653912
19491231
19450447
19444904
19278970
19186765
19121235
19090713
19084529
19080145
19017991
18892121
18806162
18787771
18425682
18303306
18263309
18168153
18117951
18078165
18030791
17931725
17864793
17782421
17636880
17494207
17132377
17103702
17080760
17074754
16987699
16913798
16878400
16854378
16645554
16368993
16312854
16273935
15988642
15955335
15762583
15579218
15292436
15226281
15211118
15190867
15180726
15174237
15033807
14770763
14591710
14321672
14289954
14202234
14190358
13878238
13770860
13481773
13308250
13137184
13025552
13004258
12918897
12744804
12561291
12478104
12411497
12203131
12043024
11988256
11950292
11844526
11767713
11709279
11604821
11569570
11541192
11526656
11470236
11278426
11204594
11179154
11175954
11153612
11107500
11067018
10994351
10951896
10910040
10879658
10878971
10613854
10447975
10367341
10348620
10124256
10096422
10024395
9873445
9754122
9753492
9720039
9671950
9663617
9169291
9085627
8856243
8817248
8772597
8767204
8763218
8685622
8490240
8474411
8342171
8272162
8258564
8220496
8164543
8152026
8115381
8089264
8072452
8016998
8003229
7946625
7849321
7553506
7489905
7414183
7329605
7318329
7250964
7228514
7224228
7180883
7058370
6726367
6633434
6620890
6467211
6447953
6374575
5934914
5912727
5761013
5740676
5739553
5704143
5228952
5160644
5031805
4916090
4690060
4598187
4498007
4492340
4470686
4462920
4362807
4223691
3845663
3698257
3479415
3408512
3361269
3342290
3200890
3119767
3118809
3101853
2779254
2639037
2405486
2391967
2386921
2378685
2330923
2259416
2145627
2133486
2052951
1876641
1815156
1763668
1640427
1552363
1544894
1429292
1376339
1351425
1246655
1127916
1116616
833721
549854
399230
365999
235770
200236
137280
-37362
-250458
-361747
-444526
-558249
-571651
-603758
-650474
-729056
-948675
-1151601
-1174101
-1253668
-1306926
-1395986
-1774783
-1833719
-1995050
-2220227
-2245798
-2350533
-2397548
-2723109
-2957725
-3099188
-3191708
-3207181
-3469208
-3565150
-3597640
-3737273
-3859431
-3932579
-4008802
-4035930
-4141548
-4248612
-4502774
-4528052
-4635591
-4700154
-4822744
-4956725
-4963375
-5001635
-5011592
-5037019
-5072327
-5188236
-5205911
-5291756
-5381755
-5531375
-5646791
-5655797
-5699698
-6240750
-6813551
-6949331
-7074110
-7087870
-7094799
-7113752
-7194969
-7258388
-7350504
-7370207
-7726561
-7772053
-7863822
-8092149
-8110956
-8360868
-8520062
-8520955
-8653763
-8773684
-8778266
-8825400
-8875739
-8922048
-8967723
-9068805
-9102747
-9445348
-9491314
-9542362
-9713207
-9716402
-9745971
-9755356
-9822803
-9874940
-10066092
-10069961
-10181540
-10285583
-10305163
-10497399
-10542525
-10632645
-10688514
-10742372
-10785822
-10842828
-10867022
-10909438
-11076668
-11166725
-11311196
-11359005
-11491079
-11583045
-11834538
-11925615
-11945270
-11946281
-11969132
-12052219
-12082027
-12111279
-12157477
-12170737
-12378352
-12667244
-12720813
-12752641
-13314823
-13361841
-13376258
-13418848
-13492658
-13572277
-13708910
-14006682
-14012048
-14014391
-14095691
-14229008
-14264497
-14332692
-14530353
-14583298
-14632209
-14736122
-14790205
-14957278
-15010028
-15114372
-15124105
-15141844
-15285137
-15503290
-15717707
-15900712
-16017269
-16484059
-16563812
-17008539
-17122064
-17147784
-17176875
-17195874
-17262806
-17321546
-17488856
-17511403
-17538438
-17618348
-17637396
-17760758
-17835884
-17957515
-18036855
-18215669
-18301377
-18309345
-18333218
-18470916
-18517704
-18531504
-18670815
-19003977
-19188990
-19293561
-19417208
-19493058
-19501804
-19612100
-19634761
-19678256
-19681418
-20038290
-20158846
-20575584
-20616330
-20690948
-20692365
-20905109
-21066865
-21088082
-21168691
-21406173
-21501565
-21625375
-21698143
-21737499
-21911155
-21953713
-22091926
-22129722
-22321502
-22587973
-22599984
-22634064
-22675677
-22683705
-22694396
-22703153
-22784520
-22856989
-22873921
-22977814
-23056371
-23178197
-23419541
-23438438
-23534766
-23574653
-23578722
-23726615
-23856126
-23956310
-23957994
-23966917
-24026424
-24083963
-24145072
-24367017
-24380492
-24401850
-24436399
-24479548
-24511908
-24534028
-24581082
-24743384
-24786016
-25300057
-25354095
-25561896
-25709866
-25820747
-25848326
-25905140
-25945502
-25953094
-26166974
-26214101
-26241237
-26604662
-26722792
-26768353
-26816600
-26998542
-27080735
-27100593
-27299159
-27407748
-27493433
-27528966
-27623862
-27631305
-27646562
-27730138
-27752140
-27757338
-27770577
-27806909
-27823871
-27916657
-28028632
-28034249
-28126776
-28498216
-28798667
-28924241
-29024402
-29053428
-29164804
-29475883
-29499070
-29549690
-29566320
-29665401
-29751021
-29830615
-30098081
-30107772
-30117336
-30222276
-30276894
-30280461
-30289908
-30633622
-30659946
-30855446
-30901419
-30967034
-31063069
-31074134
-31213531
-31272103
-31323001
-31436479
-31562754
-31611709
-31665633
-31796153
-31876318
-31927498
-31951322
-31958398
-32160224
-32213793
-32336092
-32491527
-32504651
-32505939
-32510438
-32576488
-32619644
-32786869
-32846973
-33103294
-33145947
-33224975
-33286626
-33328259
-33446182
-33856213
-33899394
-34246375
-34258056
-34338352
-34400059
-34547305
-34808179
-34820258
-34853992
-35039074
-35058337
-35289594
-35451880
-35673167
-35761370
-35801548
-35960085
-36085335
-36222109
-36240720
-36281198
-36392978
-36436304
-36444723
-36670667
-36886098
-36940479
-36986692
-37006601
-37087475
-37145716
-37350041
-37389507
-37416390
-37536969
-37764722
-37785790
-37851762
-37865168
-38138784
-38449200
-38483512
-38500395
-38647152
-38714748
-38740677
-38975131
-38982441
-39022313
-39408507
-39430415
-39691828
-39723705
-39763761
-39891727
-40074330
-40437513
-40560783
-40571733
-40726395
-40748930
-40862447
-40901159
-41175588
-41445761
-41585517
-41606093
-41694980
-41707026
-41740551
-41752323
-41755306
-41782957
-41875223
-41925788
-41932042
-41980268
-42093077
-42160379
-42165105
-42354256
-42506016
-42520484
-42736560
-43032381
-43063893
-43245043
-43286527
-43532886
-43595710
-43655447
-43912125
-44001758
-44025659
-44116484
-44126279
-44405019
-44452103
-44475092
-44631690
-44797778
-44951028
-44961073
-45080925
-45108607
-45297342
-45441867
-45863254
-46080648
-46499447
-46617645
-46644096
-46653850
-46685355
-46702214
-46793834
-46899548
-46946643
-46969150
-47295998
-47335988
-47381392
-47383488
-47405121
-47628951
-47686954
-47988313
-48111833
-48127265
-48204980
-48215409
-48459015
-48507745
-48834326
-48899921
-49152767
-49314006
-49331695
-49332509
-49458791
-49488213
-49794259
-49854006
-49861072
-49926560
-49927518
-49962833
