2000
-618190021
-576920520
-305967654
641021265
-251417709
-785029889
35410783
-399974455
-5540218
779931020
201950992
874969207
-139949660
-762332585
-729048872
-374847444
-246391503
-991166331
-706906117
-589802686
808177201
-447127757
459457748
132035869
598502423
556370872
898803206
637068890
983559842
871078925
747676906
60745609
-364769331
875790846
100861656
-772276635
-316518236
-882227504
-77774964
-951957388
-152002044
-883455882
87720926
-752997494
650311128
-637641975
293451710
820444355
-821136742
-853261926
-98450688
-186460247
-194063868
319358780
-668866819
-362783087
110876395
-751231965
-205955494
-757777337
64695778
127479634
-178051654
-859257510
-777786921
184104999
238393913
78937977
649888605
28579161
-419850906
-330036044
-404149750
661522511
-228851433
458729736
-516811558
643348247
-766192023
623882268
-640548547
442095031
962504519
-863298650
-585676231
147628928
-286459692
-343397719
472113081
-509783955
752616743
-348753755
-973748328
-925045281
-578346549
-447804631
584749519
902426005
886710352
-214509136
268192484
717247812
-7256033
616515634
984662178
-877170751
-884774032
425881929
-415325940
-829190157
-763132527
778865913
-559457206
407685484
259334715
100590865
346037964
-172426105
-805161634
808538525
622400567
-323163737
666433407
-315025800
770398121
-818333943
-535032321
-532509340
484155577
-515100552
-195402944
-114757096
-225184299
-125858808
5071717
-332283157
-374733811
515798423
62855940
-71451889
-854680763
-317833162
-309158328
824055821
60323899
492902818
-958140560
-561027873
236947111
861509411
124608862
898470041
592005278
278248581
-915320138
515953971
-791345261
670200925
359523014
-868997862
-810394255
-68415734
-555219113
204246015
-513428014
144191295
-845290859
227373715
150936940
652895083
245643402
614341088
-494640793
807468296
53309145
-460307310
-355594212
894688265
-937516968
687946442
-795863922
-157169253
447825316
321163642
637943983
-667145626
803880124
-658203479
-355733255
953897380
85796065
118667328
-561849686
385415718
856435069
466779261
-276096414
-601400824
-138172064
753204180
-799709230
-660338299
-777239356
-416134826
-367302211
-987062998
841618623
384841703
-957609614
706571293
-939729156
-991607147
477114734
624229755
-260517633
-408366601
811052324
315953067
207340216
-678186289
-54549225
693659748
-889283254
-978515604
167263197
781406890
-804494413
328629978
-970628930
111051190
243837433
-362833427
-513669051
-787518035
454407794
256308279
-208472783
160158427
-724766243
933560252
-627832935
309449573
-699746431
42595365
-243365185
-300855127
163730630
-242095086
-302116535
-970239264
81611464
-369663978
-201367728
-492883196
-635224899
-967189780
939911732
347349332
-298469892
-294784317
-881967142
194834082
326083413
-807755659
452722750
-55869597
-469499510
-233313127
-867012605
229197023
-723333159
-495990419
-870392156
777954276
-689083284
565194257
762421864
-16099948
74017367
-825548531
-310268334
385518176
-796627572
-31998516
-486629772
-739942252
125445492
-645806625
-719425930
185841939
539106633
-119905794
-647450550
-645771900
506125172
-899419298
102530513
794812771
767119184
-312802646
458945748
253890311
-578881471
215352921
778174283
-263615790
24881137
-249911599
739683126
-784855163
82938817
109256246
-720817003
878949938
-467613142
-87525624
-913663205
888982157
-103396284
234930246
54062813
44103207
-88434040
83335365
-400571238
-840586928
665845192
-868386645
-60119392
-443686482
-175074006
-104107044
-783209931
661631394
829701315
73719204
470092234
-407169426
-355015691
852997047
128752561
-624079790
466521684
665512556
759738808
832477410
-67767501
542635462
916969894
-994524080
773402240
111236643
118509414
-598590544
-855574154
284217275
48885076
50275529
-293299887
688610252
-604953241
711734246
736870696
660973881
984435274
768200542
-740084897
-452571397
-392404693
207731792
499848575
-347029954
-599132151
-300629431
-336247154
-159511391
-69563645
616298239
-236781082
584125923
-59478389
701613563
325546402
-784527810
-909786965
428247778
264062945
-311619259
259853216
254416943
76182607
-211579121
-961726191
660425301
-267431416
701185122
843006588
-505691238
-835454661
106749806
19660757
-273799724
116715056
360683600
744818364
452530845
-54275308
-70516926
-660402785
135094534
-910002344
-555494358
-981507306
551676577
-306555079
-439876725
935507129
-672948606
-402798287
-168857185
711206029
-696739010
-903947910
729857652
648127919
-725323587
-28450816
142869498
-322965374
753835458
142077905
464655679
696277214
-883142242
-92397695
-634560024
231442092
69480234
736315014
647422016
415382535
812928404
-288821873
662939154
-11974684
448991428
529591227
120764059
658606015
-43172973
630899553
-893864245
-958743998
629953587
-48412527
185121158
695310526
459317893
301183392
396385945
418026147
-383863239
-893485306
5247892
424418668
-227925290
475696557
-705455189
912263077
909056949
-971855189
374121036
-859548940
483214420
-379151047
-937356036
122566224
-681578478
132995408
-534771364
-796087540
405889933
-580082776
-449194675
-228354932
299317113
-707078087
-602348144
-198637610
-124244467
-174058367
457932235
324401786
-734256846
340013702
826829698
-869294374
-694611995
-68189348
625978582
408491573
-375795537
223128317
-582597441
187829508
689223500
-74366127
818296321
904149202
-840411712
-432294671
728684269
-641920573
245362243
-201465229
491695824
500464964
526920163
-659873037
-488833456
-336879578
254202001
490076085
-128313412
-997190332
-957072875
321980178
578694395
-103843552
944240921
-286516497
-304412022
560824641
-508287386
-335218262
-226850553
414617196
827271752
399038682
999698190
-635489767
-261841970
-734641434
-114709857
-323993299
-288503083
125853278
-664167145
301935333
-864748580
15507356
-352677404
-536152528
181604299
-775712539
336049479
410200247
-880933180
990631349
-666920769
479697325
-477857403
487812127
-381684338
519305158
997417501
42374909
-411144255
439304503
-669296782
780729603
-981330795
-839459051
464784667
-448603574
804433058
-495146613
508146506
754171253
910690130
-902614869
-552503539
724901893
-337744432
601451482
-672383438
347742314
-526562113
939220946
424387997
-589613426
473524020
511746573
-94019942
172809233
592646584
553407816
94403361
-512458970
-986556639
-455734698
-27682009
-180169130
-246519590
-613359184
-900458987
-830991199
148581798
626458212
-608316920
492144477
-636285818
992353582
189761531
131904659
603055927
-684934803
-217148457
865238761
875355942
65593197
660285012
-458914100
-252821774
-50041534
32750599
-754650277
-139465797
-63932478
-751516079
-806600941
246611060
-971515536
353515941
754109834
-247703540
-535189613
-109777156
895087022
-371842803
40153340
-595643119
23596205
-4195588
-907231262
855054238
557442963
157995306
-437795397
219066297
-87747769
-326905414
-911418980
522441886
-54450746
273359131
30478349
-822665908
476018035
-525735733
-180074166
-476020938
-412151043
-100085984
-885277173
240946399
-637800375
-39689310
933539020
-494855816
-806890862
924775710
253571647
-260241073
250281195
-354290102
-534139110
152719373
-200820410
-286614634
-273231226
965879267
-778665276
-392963006
-117183862
-37383641
601569836
28078115
753508882
432445417
573697154
-992685178
-829592521
898998139
595025526
-789921961
-151921287
467917453
118004245
-235944243
-663912389
-827355062
-215125491
125365595
-498827131
874042606
-219082079
60294499
336197498
548775989
943153995
251464799
-958068371
595919134
572624386
459412092
-279603824
-620311117
902938113
-862551665
404868478
924519629
-185224802
760122345
188348976
463430068
-367204851
-168386923
-936197342
-171303983
-815393751
-388753613
993322076
-666203407
-750136273
-34148434
-975921125
-640013497
-927579397
-739717890
-964084205
603175919
317304462
930881123
592040207
994770227
688724419
-745616974
691208834
-32632998
-164673395
313379484
341678621
332688973
99491121
-340723785
839123641
-713429075
241315265
-629958445
-535694434
416508193
648634929
756738210
58083655
841206844
-166595228
533927235
-617684934
633559402
17464389
-935799881
266234663
617803810
-270037151
-341861856
696040673
896650945
-934335556
-600453494
-474038652
796574265
-965983134
229495106
-58163542
-884126766
-576352018
269362273
489439063
231697692
-695245414
455535911
-698887252
601244099
488654697
-359210373
96217540
26867117
-398539831
-553890546
276436728
473369904
967201796
-348060443
897596198
-73281265
-157596245
249993234
539177500
-422776735
749047341
-715470892
-42102214
-452580258
-101457559
-9376061
348363072
642832104
-856853741
498713661
959409227
40065364
938617115
223347498
687181194
-11756109
-481080921
758863777
-862352065
494090106
422828426
757959519
573452920
-998340711
149113935
-430084487
409443450
-922103367
111591274
979271674
673163882
-889641432
534054910
-843498438
241337985
717071616
-127162191
905501014
617045052
778611554
-150631065
-858691517
515315408
-292754116
889487614
-535305542
-724045052
712506809
-375605227
943971501
-364055198
-510246657
-152898530
721359104
807944767
712323440
-903560062
-331274516
708935435
-846838086
253384151
77261886
-342020636
-716323290
-894795017
-46963890
454733801
874087951
122417168
-797516756
82493522
-908079654
637457523
-103566079
-10771878
582840249
520035906
-255201833
846225428
924650503
-447620588
-253637779
-144365798
-598243418
-147621356
803530138
-351664820
364983277
-300345354
231043163
-14865908
448873451
-824490533
950277746
-637789301
739225630
-409846991
-555165025
-651416856
98528734
-387203849
399107764
-743562183
-136738933
15636468
116964927
322057792
539972764
-963220620
-596179388
692027428
-921016270
518871530
606972007
-882473248
458712407
-581136623
693354058
-451120294
-6091702
-960520416
565440908
-640774079
-59195100
904030318
-775765467
47217389
-357240551
-850180264
41337608
-200015202
528506022
956021549
-466966467
955546776
288613194
-289230278
-158318333
-721990371
28868118
-3906610
-327003207
772751647
-671758147
-508473076
-38876578
-917600898
-746889720
-565334482
203672772
-143121441
-221886146
-531821994
-122939849
-597299270
-948962534
534218438
279513317
547790275
984934814
735302880
523348482
-740934014
-551053334
662776884
-187570637
246708491
406333717
650244884
599014349
13084280
372996357
-908705074
-784315689
161668626
106398807
-583672423
327480603
-647064910
630295582
220373975
967948421
43532737
-75392958
704452692
160176295
557144922
-57976134
-323098296
465629311
943656356
941346058
-945992036
-566160838
986045443
-464249857
-285976764
722443680
-809762501
-847458668
61064312
-630847875
-862549425
-778688284
213104861
269752227
-505902260
-59612807
966556443
-855481572
-453560666
679161545
-599954821
712335845
969325924
572802262
72116972
93903443
982031653
-957158962
626313035
161483562
670775332
-810809761
738433325
-856635216
-506896492
987950596
-284441167
369499662
113976308
-232693308
-416696332
539308598
885501415
-898603908
-866706446
173654832
496458036
155034578
-643831366
824843024
43798553
-863492094
-546086982
727849451
-794056872
8181582
108353059
268657563
952218518
-127190955
889955088
-677697174
-197625921
252994269
-334359486
179142822
-167815911
-526744656
334573224
134417689
104491223
-161607453
-844644571
691021079
-829283471
750587997
176076127
483616636
-408028104
-962155519
-767010038
-4677056
437732941
315618551
180244477
118094502
-210973798
-488636201
-901851013
621690612
462878886
-803781860
629091878
342536456
-923938176
268643286
-449299982
396364992
-711706346
-857232907
561548218
-649866468
-500413348
194427567
-712457134
-616323711
-387744201
60630615
116650757
713266808
-647219198
-58509520
572554636
835049684
887485456
-990672040
-694753295
29564468
502833723
861763578
610725602
-219364411
-53482635
-27165746
-524564976
-609477454
285557084
-991434761
-618218951
80261042
-714044955
319698931
-451585061
31783147
-190603706
172615255
-342750425
-250914586
-676361273
-682873252
-738826401
-197873225
758605903
580300801
857652453
-66855576
607974018
-785577272
848839305
-105650545
267314187
411458139
499206571
-208721083
441390064
554074748
-521094893
346442890
102130692
96726456
74665541
-109732074
-679948542
-937980663
-456279360
538085001
-284850579
-831811329
671948387
508068893
399157881
663993781
874069668
243575126
-123845624
-379651787
453691210
-872227430
-320834581
-342939258
415790157
351500856
-584803593
714219506
790629420
446878473
451397640
-156630318
-293661866
-42013498
-946374753
145579431
159962105
90299323
-381237429
743096197
663303746
-206363820
597536468
-5175052
988012769
-390358443
854562233
-44866417
-840679589
-670241614
-420889510
103841043
-331419484
-456355546
-996787738
-663149335
-159338027
-916476108
246181297
216019863
563823151
-503815153
420037431
503252807
866408359
931648765
-356008415
683924362
-852519541
-673968116
-146944344
358407452
-244498366
689113
-337425378
-33051016
936855599
-241561600
534849129
-18379566
124025832
834664769
735582580
770147967
546334171
98357442
520415128
793270172
-898350929
-984888657
277894761
-488546752
282999179
-916275495
179258070
379043056
987748837
-922831758
504737111
776425861
-736925472
135394288
-247554902
-833122448
240514072
449746516
612866229
-46158224
918425376
-948317898
-515414106
-829450613
326835036
-330277200
430250090
-743635145
896070789
95666469
283920360
-62351822
378283377
-640486741
788886475
836364345
-912786695
-162872512
-650911059
845849040
-600523334
-74822031
489628130
520829930
-762721820
-952973962
-682815104
722934022
-707661674
-610185502
-986686235
783749087
-559566136
544227410
-201174761
646102060
-453868236
465404045
828434473
-276431067
728883093
235298319
-186596152
-501944586
-197378010
480519426
815163290
-885398768
-741711468
463832426
-154473706
-915409906
-273686214
11173455
450839674
-12244760
385854053
392093982
-843102134
992867108
583201268
-791886363
-865569282
339630637
-492133415
722663179
914900610
-209241238
808168521
-150976161
-752450879
-877412008
-68298043
892374236
-62777293
254484699
-236270866
240342726
678317733
-447548726
-858971358
506512649
11259727
-265260114
-987081806
-873349846
304987577
-51548422
121105589
995613211
-589017217
-566475610
-392559129
-302626932
556786850
806308966
-543067845
-398155246
133556609
-112818902
555486736
56592577
-984115199
-354097336
437179807
356671829
-115101479
864064557
479293253
415787918
-589209145
883772255
-315945781
-661192544
541608306
-57116870
222654400
123867764
-558140331
-754506206
233635848
-355103959
853719140
100580262
-667225933
464255540
746098600
-594666538
-786849473
82699924
969148939
-872144106
-635190773
-735960105
-299123912
632529682
-477306991
651697342
-62364420
-844519598
415156962
-482088436
190935315
-511787022
-66883014
629637039
-112269258
898982078
431916552
799184575
970297375
744284967
-123401005
979273997
263108183
-61828250
660772979
-652726723
723496422
430397222
34715793
-104144727
359970506
585528115
143753260
-830011205
729486578
-939451024
879402768
329022066
312079022
259187132
-826809435
-428588662
-412960699
239450340
-992489124
691858088
190019717
-999344174
-288606838
595541095
759868617
-853885533
864234621
-602248193
-86488517
-911714913
455139528
-390688078
-226908808
-804439018
507210345
40709717
-590609764
915568280
697320413
-184241065
-564227402
28452593
-553236290
-864621995
54319077
387419280
84436676
-717888294
658830716
56597269
336918868
-102440651
699786788
710694226
788237764
-712911788
-56405991
54580586
-456008925
997502156
452749697
346100054
580891027
329271577
-210546546
-466178986
961854104
182087940
970431713
142786925
99604367
24742832
959776176
-41403701
-270968673
315341508
492638435
-443215683
-854978020
-403176531
-702402754
727035390
465632128
818683671
706664201
-365103163
-372457448
-984899014
-732911659
544382727
-902585047
885037433
-703763419
559417258
-313854038
818931212
18523325
369325220
-991442973
-551976672
-314799935
852159009
261796348
-87575859
-475957898
-337818346
638252125
-318327721
568170482
-985765486
-371674267
468725038
-802373630
408074223
567104059
737578522
-278969782
-774122152
-109358702
114574790
206256802
292882323
966188344
-852971169
-529807613
-374236398
-222248411
-534362968
285814381
277585997
34335858
773891457
59188873
625822496
-254632597
266332432
986979835
-33459938
21815704
-781803319
393608787
-514663818
-283063530
-859218048
-586774754
-137474851
-997625889
-433532962
-150788109
22233404
366170029
-607769728
733525961
983890818
914034807
863681227
782679015
590674428
-557955518
365743141
298301331
288371699
91032209
-249742628
152213995
-269202934
395566897
27952676
22801381
-437751139
-826299460
-575652831
997380591
5812235
199327270
-720456006
118535122
634958085
387054238
-255440261
-676030919
-244193657
247842322
-173284065
973560861
-542247691
-115360681
-23810217
-559080687
992777206
253388924
266236877
629069203
-297004612
514871663
-668261519
733158620
128794224
590086741
361110786
794228822
177572000
-337628048
-267624230
-278857917
-948964407
-602327997
-326708908
-471437623
-726210286
676048143
565280322
-381852438
-894508908
355094614
-139953384
-160142453
833501153
771432908
412336763
-61897838
278776610
963859799
-749262344
-247816893
-689291180
-450288421
524332237
-37383169
250582169
-968771145
446787390
-24350112
327615981
-82006634
991381908
901535083
850578125
-533363940
202247081
-894025616
106816472
537330506
331140021
-318536139
555073089
-608228202
-33777916
-398075750
934826815
-381232497
-929134363
412198247
-835632913
-549194439
-826095978
984420752
-708144409
-245149948
636101127
-588313838
453159421
854991257
702235013
962162375
-146031669
443222447
-435207468
-859029827
663319359
-631886458
-90666719
-280764959
-500141945
-809787063
-340469437
626097391
740057292
639432886
464962155
732425735
-808391508
-54885664
613546749
-406567065
-826020935
-609558631
-189734639
-639026817
-910143593
-879509084
11119242
998759364
149343588
-525549573
-339627351
782288568
461728653
510211910
-623420690
611105157
-853371262
302613630
-14993425
274680394
-24074923
804590657
752844790
879317741
984524546
99372310
768831205
173692226
-905411614
-766159007
496434675
345903510
613895482
896078831
82022
-615077731
784247243
-152891732
76023139
618355905
247996063
-447573456
-130999053
86848857
-423389585
-770225083
433730749
995611006
-273246857
-48616880
330270440
703147357
29370197
186053469
-505330846
108824567
-327373634
303018335
-771008114
-536506176
46629059
804262244
-540255706
-943697072
553879419
-407675045
180875521
-63417212
-108675948
-728098545
-492151919
-741482498
-760304704
171673833
301648045
-415321193
-362367557
-794582756
477531808
964621516
432409429
646449573
-891751789
732326686
173587202
849577836
-558323509
-112695514
-82671276
-176034925
92217659
-379375701
-867920504
687022881
201872536
-427825746
-549891407
-717005826
866281917
-617833746
-449363002
-857503458
872175330
-73436155
-468008688
411798037
-208862424
812265018
760073108
-917734841
771219521
121368382
-127047560
-531090695
246337633
-112190031
-758042292
-333053993
-757621842
887622129
225008863
870944954
-442195241
-47289395
644646323
-837148234
-294775596
-597195380
-841956537
856777435
233141999
162707506
246062033
875402736
640444239
30376427
-238775973
175740066
731971070
441326391
493213778
-342175248
559966407
-691151670
-674568215
965051877
255367941
182470666
574597026
323535101
-838764011
945714194
-315940556
-608144447
442151885
745810924
848754090
32500578
-812407262
36062197
-554766494
-416442049
394231432
903314772
104473189
-415962375
689009332
734038983
416746428
434693520
-732973236
-391199697
-983551466
-96626530
766468591
10969155
580194703
659243619
-695907064
-809824373
-697025845
887929248
-371010387
-477369821
-125858638
642409547
-95444098
-589830330
524233866
-662197016
235381911
390836965
390012176
458679806
365449984
-561536807
401327300
-918855785
969217955
-301887355
-983098905
831587553
-488012734
763141500
-164866779
375340971
816218910
-576350226
-768130190
654629549
-53922991
235580263
935598306
9935473
-259618797
726153693
860932021
303921851
-370952514
-468549633
-919391190
772308541
-9289893
-481420966
-492842519
382692809
-315231524
106588080
805346992
-481667196
52157863
515622247
-991386612
-8094703
782830521
332001621
619349452
452240000
-188419248
-462008424
65021727
-409629829
41955210
157573925
-541865207
834018574
-814602213
-836154030
390685347
421480813
415536985
90769242
721021
-735474936
799801148
-491736622
-883555813
-833065973
-423520978
622371048
398517004
782102800
-151028045
803193286
-494355357
774642793
-696035311
-154415497
-994971906
296696642
386286401
-605192708
15498563
-276980614
-30786959
950498840
-142173538
-429984153
-554619394
-286648900
-348345245
988923531
986304527
370114084
641863823
726372781
390730642
191064700
-354935045
547433978
966557504
