3000
545959092
-968892635
532402484
-170868049
-415919198
178341994
-813632565
-447042215
-59289286
340143241
-648480208
-628655653
-9570853
-172065657
815854222
-51161655
-983348219
891194452
-51429196
-830101645
-308542317
-314989193
790193541
663362284
-128668450
-30745225
709275090
-426914578
-367739274
-13029082
-368745295
773340317
-620471454
-365793843
-799548057
927253807
11820761
580638861
926604167
674679106
546897053
-999803775
84566315
95397426
-758479092
23280519
-79617329
903938557
-254238206
803298544
-332616214
-647616923
303706953
959697661
-390697552
363585699
-742616132
-651395617
684653198
-445496858
41514570
-279133244
752891929
583277672
-437538584
968666484
366352985
-705869922
154352342
-792490646
-363097226
-250576274
-182651512
-805246127
631712033
-495758525
243845574
-101351562
-126447216
82942572
591999812
25867545
104420566
325056645
-152449963
408489619
255249591
-298770978
425041114
381128501
44189976
376061562
772334722
-995909067
868309804
581219437
992619567
146715778
-639330552
586685126
255930912
-958881077
641138006
-888620596
-805456112
-888791300
-427397899
-606324297
11204834
-883285488
332143833
17238029
680484152
914952258
-578248475
-900433259
322123388
-383364464
-421253839
497341456
-537491401
150882623
-568558112
692229379
338153395
608667224
-292551909
698609605
-858256562
-492127795
756563312
-689031925
149976565
661350254
37474666
781588719
311480405
104379786
-917096264
-608097249
-228496277
-906790594
-825098227
-928163756
-429022084
732153258
940931551
922204674
-915323737
930655302
388638929
-608909227
-961044386
128944412
-779310285
-640283919
557900290
558013779
-436298601
-179783196
344175764
-371714606
-924268100
-147676515
722329028
-687074675
684689738
-279410494
282618347
-61688790
-689397009
61203833
-849504535
314343367
18434680
178774211
867739830
-895133932
170911291
-261819027
814794904
763417855
-815247316
864185093
-43571667
485183889
-401699156
-78959468
-198310110
70748150
-583729498
906055353
-987262267
-27749335
134243680
504055902
614679936
389847814
708347786
232820255
130427339
110381187
990778057
-556385992
-284763734
-784691593
-872564157
-38226602
616160478
-491789765
-149085539
-671800760
-398078415
777309886
-912886517
751376753
757978698
-511907008
483594336
318581402
923706764
276978029
-838443159
-145820651
173718385
659529986
-511246646
123776434
-660945467
880566043
634822453
-634430822
93858609
100289587
499809065
113394518
-453458308
-676939561
740940076
240935657
928955046
662663465
-463557320
481951479
-277285654
655287676
780801333
-634290863
513970232
-427303395
-418133742
-732365364
381577709
831945147
-805603952
-27191731
-718558427
846147235
-709140727
542928411
-84952188
22633263
-592987927
577838340
-580604521
841364173
-90302840
916109972
-555574183
-91199764
489585179
478035371
783815209
796976039
326624908
-729562853
-969383211
438252644
463071872
55877797
-614279481
-187325507
937073752
-744156183
-197619211
910029437
-361896420
-764276481
690413971
800998694
-816637499
-747800267
818203694
-105361865
-280260969
992670185
-515155162
47789133
711949195
652697893
302545329
411568686
309105745
-607422976
-947330758
-4913594
544249248
528285149
620515617
238683076
-814824224
137909114
663352523
639105909
929900882
-686288997
-512665475
-407515774
-249023492
340468213
666048415
-663762446
843981280
-458184133
636526324
931421483
555828260
-580180273
-812611691
46367053
5945243
-417834595
-50233727
855201870
173645073
-554087197
-586074705
403244010
223476827
641425815
-738850152
-7312722
342236853
-25930470
-283578010
502771455
-44144472
-425469134
-957077225
290887684
410120672
230953364
-278106915
-68827307
864853005
-580466038
769584264
648781975
-847559160
-212162878
-648109046
-478725792
-662798122
-660647529
404196763
-287921195
-669281247
-321114989
-651066844
756212228
-930383517
159810179
16264011
-956500639
93121067
841451526
-875748889
314299398
-690253432
-33237726
691393696
993782501
898449509
564627152
-648831313
-484418705
115706064
-602607839
-519787939
740204607
98751822
-480705475
197267146
316286796
547479133
789591570
423518090
-953393314
234732555
975228155
725021631
-801167139
857747621
-728586194
-882588470
-322590726
880799283
720860921
-916069205
-429853223
-197495149
-451212105
-605656342
299657799
-13403968
-107929044
577876671
276947745
-171564217
-833515086
-30015099
344001606
103672635
612348578
-102505799
-380800175
933515082
132066273
768066188
129146571
828536916
12709334
381267555
-292052503
39170526
-558494528
715575911
840465056
741429104
715042377
-133757554
-732217250
-778140881
-620921103
-606780354
759007947
925829853
183806289
497572580
408849636
-426477509
781713450
-97987788
905139208
52523085
-71356674
-427455837
905866360
-290607916
334654191
-455257217
773906655
-91438372
-967406434
47164232
-692968473
-954853283
568548590
935411638
105250517
-664546450
-498958455
-82354608
-753967891
-322704151
776157433
-235927334
-254435091
-884866270
452445386
740727169
87289075
823128665
261125046
581236295
-101843096
-945536840
364732315
582268823
786905416
123792479
-179247882
866812656
183215655
-96840161
503207589
-367413324
207438564
-748883525
164193497
-648770691
-378170285
717915380
848686494
940747031
-738914882
-454144834
-184155796
-437686175
-979627914
782675173
-837394740
9868283
-972450132
875843665
167374252
673586401
-782760812
-995581907
-131635394
-999840175
424887002
-914526000
213464321
348367928
-846301439
623677756
-692823141
746474124
533032361
-880397069
188940023
949527589
851731294
-95636671
-586862564
-924126578
138280824
392047763
694813276
868144921
260807916
827934579
-541832641
-252173795
733817064
148234348
394068567
-531658806
-654137822
612006207
-859389465
-686872197
657683551
495803600
726333328
-993632203
-95522551
-984742031
-763759778
79687855
638575677
401961986
164469627
590875573
960849947
733362188
370874370
160104953
760951457
-814577009
271865093
720312770
250849517
-665627535
713366068
685980902
-756348586
206238468
-46633434
52168321
840997776
130649060
-551001492
838383707
961986482
21084698
-288066382
-493010922
386596316
391544351
-401999765
964497582
-687981886
-697231861
467413908
161830920
-443185407
-34047152
366952641
-95866465
206690579
911742210
-970292019
-479385961
-570393450
-78579971
892954033
600466323
673964750
895185748
891791565
-238556833
472104272
607772652
-509595175
944739027
-626143041
973277847
427214201
-37952426
-708377365
56556348
961193082
590423349
271092407
4212984
32089209
-862115585
840724015
732373558
103741979
-599837031
401717544
909563289
-405027218
953284420
-929377093
698538875
-750516121
130347238
787683842
-88156287
-25118182
-393290106
-339685975
-144852534
-158669492
497382258
178474632
-724699966
-85230420
-794737534
-796618622
-693717919
-739058242
-388089375
588229259
335162385
-548654630
401810103
-952048841
571629050
265953559
93402232
-309052466
488112243
964108890
-487219432
-6119476
-370029655
968535308
667609524
226541620
-182767314
-169451588
534471229
-205128044
726803684
391892634
-166368169
166969596
81077221
-431797117
629452677
-24126512
-246585099
-668651999
-300519692
-940567882
159407231
-2679997
929536965
482227849
-151072091
-49833183
-937905328
-318627038
-840107648
58744557
164864916
965124530
-939190841
-501309876
898802786
-95117477
-847314299
-217738646
-392801901
-818357005
534249698
794806129
-197881092
-947969688
197590800
450054936
-650467341
620904482
793698217
404249152
269138654
-785090057
-116429739
153794156
-127405839
-915734033
217633561
561241453
836289021
83652883
945018808
604286742
-609048647
-593247468
-258209763
-457661564
733202310
-572818264
542745133
-312532650
394634973
-908976094
-33121157
-795493186
891818639
-654532201
764281645
-77475474
935802127
-693858635
-189207957
-595397741
-217187538
36820071
666384672
794373109
-724053467
-335226411
525776254
334281386
231667549
-86831134
215905761
-932319493
518676252
-454127523
716471835
443445845
-59851171
-299445635
956915844
754660590
101580038
325761184
-365192067
-858186427
-423553399
-24509448
-68532912
582731855
16843566
996455303
312694741
-166015954
-902351419
483240273
193200002
691070456
25056043
554435418
-674383352
-10449679
-623302477
222077078
722945769
-328944871
-817637994
530476736
650358698
89489265
874682415
395895861
-439597938
415902027
911228768
-110865370
962269917
-72938861
-623473619
537874183
-257741805
473266747
-978815768
237302665
560937478
396886047
507171404
-727871031
23965572
-944095155
877694355
198662063
-124180797
-371201890
874062877
-383375243
-86569354
582999410
125733768
362597777
-384682664
710676502
-481418181
-161187740
754534761
460785100
-366644852
314986754
-329486988
-731808532
944518745
334140856
-579141788
857359608
480548928
909961760
-890465779
919087395
-928355386
534556269
-411220747
-159250602
807378895
211043179
932816267
130795659
-481572646
-495840101
823075080
167121327
731529496
-256948555
-586081917
-419359939
629966501
-672348255
-533897108
114001360
117413730
-940461863
282500722
893452271
159764611
-416829624
-969779493
-240286682
657052055
-224639608
-381481299
530749985
-139792708
250940305
-300970318
448102677
-635945590
-172108740
26242255
321760200
-229258490
541138432
38402508
-341943794
705101047
408856180
273972615
-723951518
636418903
201341201
-693609600
-694179201
-274182169
26253052
-589210748
-746697505
-998030214
522519773
-604897008
430217357
-91589785
777244018
695436069
430196549
-387877283
556423917
117319076
-315521824
540214724
-824751429
291942931
971684865
77706417
382492234
-60384913
161424703
-762033151
-634829236
697571016
456566011
339600919
-220158068
697477584
827997552
255833122
-860178665
837589792
-229642709
-745400660
109115697
804615947
47723189
708032660
-512735989
-352283867
-873587616
-156464638
657240794
187459937
-753113545
-591800830
-523373891
-396718543
-151599050
53660154
-535846214
-512896148
-790889548
-168591297
627028678
323972076
-799554168
-301224129
338616476
-911935789
516762775
141081370
-751845781
93816880
297931189
84376430
-921415989
-920201369
867997668
-261482980
20445953
-38383372
724497504
-424855487
-874662517
727899534
-849655870
605446783
-402525436
-639164137
200833434
-799637540
131343887
98412899
-631920090
-884545273
-923970321
664038943
-534771567
897426620
192147605
-418668556
-247668719
-275690553
-855205765
78503380
-1839219
94842948
-342658800
-799676503
872730669
865357999
-817469422
77782594
403901771
571530721
502282306
390975161
-784890840
-790573860
-822375285
-48323743
-211765033
343382499
-522665434
588117404
-16098320
24496070
-248986118
882035729
348978793
-472871274
909266677
150641827
-996387720
319050519
391571621
193126888
478828133
173989224
813807508
-279661709
-854473772
220008228
-79933070
-964507410
425327577
-284037490
936291069
546756419
839855134
396564137
-631084462
875942023
-272465212
-752015586
354749619
624620056
-528377196
202030224
754953622
-306734501
-124686752
-79480589
-806990496
-579998167
682387708
-888139739
45217523
383047370
-798231086
-696902730
-873496104
-815337790
978999963
-940706296
16462991
-738720671
-190158694
880036808
-976650463
-183914481
-684091553
-23136380
-502746983
-535130762
625926869
74455393
-250831145
394581708
354672112
987871324
8331684
209448750
-112025500
-749312952
-975804584
225835947
-483552749
-914936897
143717532
717379120
-246121712
86985704
3315689
489857750
998680530
303595239
-638205416
984972118
394636036
-711417860
-682506647
-549138223
-31182088
-64858726
-459992772
789827864
832058632
-699197900
-760200563
-330627314
859178370
748662592
892366087
14350082
-675097490
-77663212
807476597
897231029
-963119051
-365065406
118935877
121020848
202923373
388058807
621784526
192007212
683635376
16736843
259384236
704734535
-301160111
-477065335
-829309412
-571236798
417124219
677458707
576803563
-217085824
-692994704
547337954
382931670
883513021
-525033609
994034829
-112353016
-275156762
660787621
540041207
-400310494
-143925535
215918326
-772956515
-973879756
-733519570
-382816623
586303515
171465772
-771498874
-545047225
855483060
428902852
811336930
148567735
1568494
64149603
-543905524
531216090
-935014818
40148323
-119894237
842606793
-13312057
-539744545
-98424922
508943499
113991486
323789363
-329271527
-637938053
428125499
167962940
-946547493
-988726435
-476187804
882237129
697645453
814359161
-258741805
-80879447
572315032
-446514705
-322243269
727181401
165860087
-684866089
372281726
34236019
474522261
-448878292
-395343719
-289849916
-770734124
-854099157
559248572
-119578700
-999980445
-868400045
-109894745
-404629389
586060754
-286615811
-589020346
962198360
-320519938
-540273713
618610596
-9945593
754213855
-427692240
87956293
-663978163
-447713142
544042844
364887065
-165667688
-865264164
406158338
-633173676
-469948418
600804698
555832679
-628352497
423052074
-482393478
-298927030
-429426436
585999089
-224189456
238368480
212618784
-414466953
-839628297
555898088
-870730776
-805816792
-34334143
-317109441
1785045
938420992
-834199459
485233701
191417344
424171998
464705271
889786310
-110519546
269269950
-792009783
-960628479
-999621043
991411627
503027979
97826343
993383660
-144987504
128528918
724215419
655697455
114453012
-939157265
-191780257
-518866047
688752345
-66090993
-922932815
755678678
872865331
40519512
815223535
625452373
187673688
-480782592
-575114173
-774030276
660467363
850339534
-563296322
-443016179
694053128
-657473384
-752112786
-124219231
680229444
398571448
-171467873
904213022
-994911560
624568581
576621025
351283303
-227741478
-456577083
-492207810
-626610702
901074180
26085216
-266575509
-112673738
-519585410
897126041
-40718910
179726990
-992286185
-116055337
-23980234
-58644066
-517418077
-870919632
335682892
-225446241
661585981
882494288
-623026391
560544561
990792693
921130540
-526986708
286058488
-122725606
-599510252
-506721404
241196153
-214359480
-204468977
23151430
-393375705
-737104883
856275170
-830812716
908812999
-557957343
-878350051
323898470
-110994214
265822919
859902406
-356357193
-150904949
-599242708
966398158
629883218
78647567
-221038580
764209546
-30387490
148991081
-47800923
214740363
708805442
193297993
193119345
782417894
274871568
83273612
-114243480
-80851019
-231739846
408855190
441679999
-837313626
269883256
-571535163
291888975
-815700245
-59629773
341065853
-123131353
744721476
841204221
-10795903
-348141944
663901379
-976109812
39520919
849662112
-461276633
410481839
497490846
-527615534
481486544
-773414410
321960708
488922028
842037222
393923047
693028805
378636193
-354702202
-563629943
-687044039
852877015
372266803
665627664
-991793277
-593312154
-589978262
321509860
-951637425
-311811818
-755001650
-944810228
-791842505
-913216471
406787292
-787677705
-232154984
100066327
117618342
603709693
-259225729
-797888540
144555300
-188510345
147507392
127445714
943654736
-310031288
598079401
-877968288
714253947
-310510178
-63112429
383225320
-810325289
308648839
-841643352
-538730085
-115335904
-987832655
-169437671
-204663898
305428967
923916274
567062742
-151615857
-690069840
-397711521
-406506273
-923259368
20730710
-526849242
88461890
-827646983
-271770007
543921205
-54861424
-347383866
-617683860
677877658
-160760571
840794114
492052496
472674398
312954508
231112855
843829329
-79840003
85359923
-685637925
651738560
-755053289
-946207976
-949563113
876199306
307138957
467606555
55585094
-979561974
415914874
-409229722
809391008
364528890
347277953
821077781
-634674374
287183114
-471858350
730404092
-519701669
-70686009
-800003174
-967841949
-299508976
-429371694
-564649116
155235082
-399437079
-801299878
-511972061
893456862
756841689
456562904
806445877
-533251395
-573591482
662727194
-495282477
-563485901
-490683054
-107748665
-836514070
-113399595
-54808225
-587484466
-545712667
-218327353
-76107461
-542994904
499117187
-442788056
723017810
8332009
-680279308
-80598323
-343551254
29919605
947479863
-183058205
981476181
941395544
-102669353
150915702
246312284
-232839369
-242764005
390886987
-793341420
172393954
-307243818
-212823107
896763043
307145559
-108409599
-768809647
-252275525
4969822
426722459
840603170
-260363481
899503001
522745903
96151995
885036058
128101200
-911929421
648916149
110566514
-70402112
-457682486
-120865768
-6833629
410078114
270472001
267563924
-948558964
877262203
-836915034
-400592212
63252019
-424041850
733777582
945084844
237675645
-775248923
-897486013
102098537
-772983153
-396016408
-949719987
-138083457
-495523958
-232246629
-589245634
532497072
-65621047
-50754512
695734049
-144214285
-85798192
997934180
-894970347
855655731
975134553
795943165
-181133415
837910760
663054030
231993955
150651153
612932257
873616962
-428663963
82486055
-613541635
-931400993
-531795169
559410089
249777536
379891748
305543247
112390822
-835141493
-935529509
-759925061
-273006537
-51629544
892220676
567087323
168582891
-368161516
-853474660
-988947707
-918965747
698878957
922283450
-605952248
-714131145
-204116922
-198665667
-944839459
-975783277
385697333
823841651
290178896
446578922
-708225128
221853483
427152492
-608394587
-343095346
791591949
-934447237
30683985
-538576508
-471859969
343680838
401385360
-183029744
-831687790
-297573262
-128175048
564579138
-742423072
-554479539
-231775652
745294649
745524898
58979053
-150626185
-324459805
-781815677
-447092897
-552283542
-482552788
-884786448
505456279
-875393398
473492334
-550719731
-320027774
632997381
-431708959
-902542209
246685594
470061486
-501618728
286359745
-228201896
-198797648
271225971
-646422949
-438703559
154755028
758962490
959494867
-832042148
-178613063
994427018
671230455
-310133417
-732409424
548740841
588769523
249750406
567341682
-903965091
-698843938
615178111
-711891136
698120508
-348194142
-164646532
-151476592
111107701
-310971241
296173114
353949338
610483027
356520118
-811258091
-103921570
-464924945
-941905630
-227393963
572960878
-310378209
-983672203
-8335907
257770745
-55276423
241354641
-363703472
899950549
-990422691
-214797665
-805290397
-531194974
825842255
-397267100
-73405580
-456530512
852223467
-821829677
565414277
-150620813
862382391
-797537453
226931241
230937930
818019306
-852030322
351468533
-715173514
772388286
-945147142
34949409
825098187
133142159
-332676497
548977716
-765741826
765600815
714890742
-289809991
-57634430
-583739148
308966659
623403802
-102713198
-876418883
701871792
979408978
625419963
-769398785
904981800
-919131276
572036523
-172048706
951957063
-419009775
98211294
-246653665
-71404333
545781581
-646314418
785498175
567995104
324397983
651483372
-859360842
627775843
567120176
-460746309
622413616
195858870
-282405707
-23952885
-449852463
-966857761
809001085
979524019
-464490716
-144435006
954057026
-204223030
-495576539
4835168
96165197
-217652828
-164557784
369600323
-514012045
588138092
773373374
709698227
87133596
684278264
-395942985
319982301
-223310973
827270921
-271936394
169681200
-356124179
179596085
-62366729
-367030209
-476655349
-225048048
-368062179
-751505528
-940484707
305305628
-117877340
90737571
240748029
-373734224
-424631025
-307530434
941043385
633438541
-246991611
-464636565
-542528610
249876983
920910051
937100400
70321184
454354868
-926773616
-710054442
955868893
-43022999
-808098101
-182783488
737884715
200932957
214061835
697287571
-988149087
-526257733
-270947579
-909629568
-139626046
466137437
407258015
244189081
-624547205
-833552490
481314871
352942482
246228880
-971817895
-884208538
-718099638
-277524133
743261433
505568279
-701919150
-321629323
652226581
-707828773
-533663092
-820560877
-96487511
262425915
816540459
-616276847
326747391
56403557
884246442
-15406892
788577053
610492824
-923186635
549108699
-724009251
404068145
-499974177
-953722548
-784248022
-1952675
-522520362
-402320814
629479105
-554615839
-338256153
411039183
-551184580
-119397468
261777753
414384781
-460103629
-356889053
241902168
-127189225
415211218
-875760984
-201589460
-893304904
66127444
757760362
688321285
-288319074
-42440556
-850656791
-235561585
27352653
-480854469
-679684942
883616841
-599629869
-31994398
-158418722
854507248
-937911315
207467866
-814059959
-501640312
165258824
897172438
448664866
554108449
656330922
9384448
-423752556
-12380987
-206538430
-472956919
755042419
-723217916
-949360302
-829378553
206183276
852002399
80647914
-192902222
851682147
887209807
4067426
409252012
974033131
-915716251
-422351498
55096318
150071350
-487040063
352930402
-76724303
56119173
-441828194
672611213
384258670
649915034
-662071670
408618604
-516887041
-642766540
-666467378
-862584797
-663536548
284678829
552249730
-28092536
-580896
-176498955
-224988459
-535418179
-816792818
-77958697
-23840983
688054850
738007729
229731960
926381387
223950277
-404662954
736314945
827358590
-385339520
-818181527
958018399
615390990
155472715
944334095
941489180
166681033
-845307685
146912078
378437679
380143604
671620616
-309814203
-470248075
805023757
-280718826
570123433
518581416
977511225
-7882749
639657649
-808194313
-441683331
-847705434
-930363400
727016634
-518679619
378174473
-200121315
-654696800
979909061
-263231373
276527472
626338365
189334
-251840639
44824205
-918648439
-355138346
-314175776
376133586
829210121
107423836
-212824555
175228663
-430888824
-41533978
627181507
405337902
-612085102
552514433
776015202
-34751206
41751614
-936240471
655960413
-693184318
823494516
203473045
-892900465
-759691365
-332442591
-606452308
-685057777
829551049
825671292
-337293469
916248962
742300974
-532731170
-957479887
488627605
412460499
102934147
75399528
936797235
956233315
-527635669
185682618
-498430500
680210118
274180043
279485716
417971828
800080902
-437434341
599076842
-789268623
-550663363
-148226229
752946053
548813789
580646116
-120541968
668580057
28050465
-372375492
243176371
-348644634
362673745
-632848848
-839606631
-182063019
710712551
-285208023
142726738
260905496
-822910323
-245080550
-948476416
-763068463
328332763
-577039263
-306112224
-568198828
341580078
-302784852
216448620
67610868
-245560645
748433147
872368967
97418258
-490419327
-764442498
379619342
-898172771
-431477008
-453039223
-836230434
806730827
455893637
-805459533
-198478085
-460030537
603867354
-979214504
-386535750
669324430
-152051827
-236178793
519090662
-510943863
267877997
893368097
101802771
193204511
575580136
393274897
470544271
582671101
684608522
-865712382
-275790585
-696452734
-281427641
-590787426
-538524478
-385357045
813505563
-403645311
-851455681
-316532740
320297034
-788108383
-681548019
320426541
760953580
-76338584
127574710
-986191486
519889558
-39513125
-756491418
-775891323
-622063928
-968642850
-585397294
190478511
553019337
487121884
77452256
-547925221
670827266
-718544874
824445789
514790839
783512321
-82681025
-595281824
-796038821
189661270
-533822800
448450935
934314751
433410582
526860440
871987718
95498752
-844264352
619519731
890569927
360945065
-497986223
803520185
217875704
48009991
-765868809
658346757
185018599
718334022
-452653207
55099695
-612896088
-416960678
895850197
132548852
928357001
48414307
-162963858
812061200
615577419
61845818
869748017
-247752121
96699230
-395069079
-863677683
995364174
-148700137
591494317
-26762200
766338833
240449287
-278508163
462742050
-561620668
783622416
-33644478
-617707882
948570227
-412433501
-920995724
920427640
81265184
465612334
-70779529
-656538647
-129257283
-513418961
-476084650
340172619
945434287
780126891
-173735288
843647752
456798118
-915265530
192785068
-516468098
-226524524
-513156809
-428360278
496311178
-137721524
896456414
309591635
34961137
-951020263
-340366230
-670977669
-886261155
-964891257
-461696639
731471543
839503726
-832781333
-39418403
937894816
169367029
-520537195
509416248
-319168981
-31473472
-530221798
21724836
-68999622
552485245
298997993
762594729
605205258
-296618581
141379976
-554919044
764073645
11524752
996229327
271262750
-509490275
-138195242
-311560586
727992542
-703644274
-679002431
-94083670
-936711469
-910729930
-841750197
-199808746
-620294816
-477028185
173904723
484907342
-402284393
829195073
-145499129
-398641558
-479109626
539257178
-974433346
396719543
-528624702
-932297561
-374396921
-917504790
543055996
25439881
-232207562
176422208
203124235
-816839808
597274399
-834707923
381761460
187413360
144386813
922212036
-214055981
-937294720
-939660783
215281494
-591733933
-867514379
48802138
488936470
535782728
692295285
404034889
294809819
982691453
-294577361
-339610593
-625682749
-517563841
637635196
-790145178
204694302
-53043668
991936143
826353408
300847825
393250820
152161580
-81696782
-957580308
-111207693
-924767780
-414121695
185001518
269444649
-338530177
-741782156
-361891792
-550851629
831095118
808491930
183084389
604383877
-780902266
-886014091
877164946
-445748889
718480398
536389865
-557543273
617903891
131656544
58614461
-124705412
-238585861
334412308
-425477145
435887383
338321588
219635242
450687644
332683996
-207290559
-434979166
732653141
-129634371
747966639
-350567407
-301380425
304825727
529111936
661270077
780488334
455758809
-557063570
-652911306
-813067740
494306625
955674830
-43359096
432320370
-291907241
-799416300
29558645
-922215477
-83537576
-182383520
586666378
984753927
-705087502
762016648
322516993
-694165787
398996325
-503302173
459573208
876026759
-946769886
-25080107
-865671521
347197765
599913172
-656105925
275505412
755888756
179722011
229496011
466273886
-390442474
-912795390
-153135075
771729290
-335289539
645065186
-844356301
-23555963
875078223
405273893
64214892
-800183647
-373782510
-778784811
349603746
288543376
938339260
-441273716
-661293812
484098228
-836226167
529326517
-22757590
288826955
-502419068
461560381
-599007778
-969858145
252517504
-47013891
917525862
468259664
441105625
112417231
-100357376
-793708628
214083055
9914026
-428996775
-990233912
-25343244
86631115
184131264
-534908095
-945602898
725910045
-905276103
562617139
394944564
-270286198
-289112811
-533821241
105270425
768912282
-597243256
60542336
-240254863
-822614509
-953147068
-134703998
-711888342
-11659310
-90744215
-75927104
-811211521
-486362434
-711802350
38836687
-905574806
-189908180
-481003565
-697046105
-332902229
-715024088
35185788
734089567
624204636
549334881
-658269695
-17745910
-443505215
-399979333
-64551157
-655410748
786170581
915612858
-417640193
720645135
-361035975
685009163
-997401784
-84317713
616118419
-975193097
-170589152
7105327
-25773046
978381534
-205857702
-929002935
-929669384
59393505
396877605
127247709
-359418498
944655962
963747914
-13565174
-345575422
364516074
925910146
-230337450
140728248
269677675
-45832113
-721361492
675748333
-790512982
385846859
-89619548
704883744
807830596
-780864243
-681213464
482773087
-467140584
989489667
-52765924
-186872757
276013048
111036329
-247160363
-380919061
346090874
-550946662
-621879227
-459818352
953212995
543310840
807258348
-507403393
423804561
910812708
285262589
-213969477
876380715
-821096775
-239478168
-885749941
-892729102
569114137
726322734
350261119
878641589
579497733
584246339
-58198016
436047705
-685877094
-653026040
399601578
390118879
-449584655
496184613
523130799
388771974
997253363
-127872127
312890341
-137962353
248188593
591940035
-617612628
-507397397
-755603570
-861018747
940556437
288779374
-288388123
-587047430
177433102
739807811
713956199
-32973333
632957208
-533234405
178315619
529153598
244362709
-31169409
293133262
200986052
-909794296
-406934353
434497204
-733435800
752364186
167296181
76709282
293459716
557870387
-640681225
-938300000
-183070298
-10713573
162090048
907999481
-487232037
289608136
103502178
-58125966
713655058
-223069178
886542593
921331623
60989220
53009006
589907487
210213725
869073960
-523919463
-814611946
829941679
599593311
-825658852
549752815
-12437490
205584202
241860215
-111519504
-887545316
-48189523
-284403375
772435917
817679215
467339637
23753563
-508881706
-70168185
-588552166
-52616339
-317056393
775392167
805754127
457846914
-870003404
616139701
-656357065
-872966050
-439785235
-816771255
-61765344
-52067508
570316778
-852652962
-705446020
300836690
-391017
-381608508
-520574733
-628919625
-457629144
-450321993
-528185772
471244433
-808437079
138022883
594322236
147830427
-923278143
184546489
-273788646
661705671
781240269
-451726165
908300796
239780840
620458579
951533115
-527981940
489226053
750665013
-210129037
932103216
-811662336
-565349449
-900747027
-433120400
892683535
-974610829
43631730
-780515503
455880333
-562329798
982894551
60872010
945414566
-241857985
959662292
-256248869
704747697
-84656340
-109473718
821478665
-646107260
-580845232
600625894
117471972
-798655104
-708390188
358654864
-463016809
467441469
-171858348
-572115530
-160881363
-357944606
218577536
941572088
-26952878
432622756
20862494
-589735712
14168202
-82279890
4927533
790328121
576799948
341802289
485403256
-20318469
617268401
-21764948
-3727483
-764281170
-69849313
-359600212
626996960
-437794526
245028500
850118241
-180852976
-233838188
580073157
604226797
453406583
-422680703
-372590113
-160189573
278660827
804746063
-248489403
-41860947
421965687
-382779993
47523674
-349834617
67862454
47861501
-323817835
220762230
-116946757
-536789103
68301562
365797803
700352229
-253444700
358645527
-440332695
-477086896
-727047564
-447072171
939116489
886064447
604286982
617991379
423923490
-94949321
505160535
913799772
782380930
-251057117
-973099603
-563089871
727861101
285000626
81539963
-633890081
128250907
888309695
554325540
832912339
744910846
306629040
678368868
347685010
-710104691
-817217764
902137062
-238411239
785988612
-231860420
-839438965
-279592182
641462563
226312953
-561042646
-136967515
955157860
644585058
553248021
375112181
-422818358
649622025
740787671
-646060523
445991670
-451086738
-400415552
-510474705
401217297
559084683
-517083697
54507332
-489442216
658642624
-665411358
943787815
724776781
493678097
-994745940
-658258391
-314003
354255066
500583706
97310276
-407293570
698668163
142707092
-37329621
542630725
14365880
722864696
137177652
853082040
-371770872
-477500991
969751820
386636307
58352110
62374349
182017747
910212364
949641393
-530709485
421662729
36181576
771358969
758128023
-459039263
-265162376
50727048
25281500
-568987576
-543357488
-766560860
419124967
-313492122
69105085
-64927970
-247391577
117805437
601585965
-264841801
-828750420
-805814738
531499084
651838229
164897164
78263131
-561908018
-509541443
651202728
-715196721
239120527
-27399631
311984815
177393713
107844222
190256762
615184133
436118113
830143071
-256888606
217613458
-417170758
-946794175
250579283
-528411243
-204895084
-111075775
665935064
-182789633
973587276
325242897
882944662
54867534
-782084894
240048131
137101204
-149795302
650511776
-780714734
-652353221
-790125188
116512812
487217591
-224388510
-901467316
73130508
-177968457
-960802600
-276019571
799528535
683666735
993345868
-911239601
363787988
-338532484
-544214724
479996410
35396419
656002874
-635505120
-691416464
-765920571
-989150519
-500634982
-544021099
974283293
269478063
-628500294
-641834910
725053771
-207263416
932200666
853382888
-51364654
162514476
-232644186
-224357993
1598825
535998637
-169167720
26343035
-904549618
1103116
110540551
926674943
-923991331
1242713
-579325581
