3000
-999980445
-999840175
-999803775
-999621043
-998030214
-997401784
-996387720
-995909067
-995581907
-994911560
-994745940
-993632203
-992286185
-991793277
-990422691
-990233912
-989150519
-988947707
-988726435
-988149087
-987832655
-987262267
-986191486
-984742031
-983672203
-983348219
-979627914
-979561974
-979214504
-978815768
-976650463
-976109812
-975804584
-975783277
-975193097
-974610829
-974433346
-973879756
-973099603
-972450132
-971817895
-970292019
-969858145
-969779493
-969383211
-968892635
-968642850
-967841949
-967406434
-966857761
-964891257
-964507410
-963119051
-961044386
-960802600
-960628479
-958881077
-957580308
-957479887
-957077225
-956500639
-954853283
-953722548
-953393314
-953147068
-952048841
-951637425
-951020263
-949719987
-949563113
-949360302
-948558964
-948476416
-947969688
-947330758
-946794175
-946769886
-946547493
-946207976
-945602898
-945536840
-945147142
-944839459
-944810228
-944095155
-941905630
-940706296
-940567882
-940484707
-940461863
-939660783
-939190841
-939157265
-938300000
-937911315
-937905328
-937294720
-936711469
-936240471
-935529509
-935014818
-934447237
-932319493
-932297561
-931400993
-930383517
-930363400
-929669384
-929377093
-929002935
-928355386
-928163756
-926773616
-924767780
-924268100
-924126578
-923991331
-923970321
-923278143
-923259368
-923186635
-922932815
-922215477
-921415989
-920995724
-920201369
-919131276
-918965747
-918648439
-917504790
-917096264
-916069205
-915734033
-915716251
-915323737
-915265530
-914936897
-914526000
-913216471
-912886517
-912795390
-911935789
-911929421
-911239601
-910729930
-909794296
-909629568
-908976094
-906790594
-905574806
-905276103
-904549618
-903965091
-902542209
-902351419
-901467316
-900747027
-900433259
-898172771
-897486013
-895133932
-894970347
-893304904
-892900465
-892729102
-890465779
-888791300
-888620596
-888139739
-887545316
-886261155
-886014091
-885749941
-884866270
-884786448
-884545273
-884208538
-883285488
-882588470
-880397069
-878350051
-877968288
-876418883
-875760984
-875748889
-875393398
-874662517
-873587616
-873496104
-872966050
-872564157
-870919632
-870730776
-870003404
-868400045
-867514379
-865712382
-865671521
-865264164
-863677683
-862584797
-862115585
-861018747
-860178665
-859389465
-859360842
-858256562
-858186427
-855205765
-854473772
-854099157
-853474660
-852652962
-852030322
-851455681
-850656791
-849655870
-849504535
-847705434
-847559160
-847314299
-846301439
-845307685
-844356301
-844264352
-841750197
-841643352
-840107648
-839628297
-839606631
-839438965
-838443159
-837394740
-837313626
-836915034
-836514070
-836230434
-836226167
-835141493
-834707923
-834199459
-833552490
-833515086
-832781333
-832042148
-831687790
-830812716
-830101645
-829378553
-829309412
-828750420
-827646983
-825658852
-825098227
-824751429
-822910323
-822614509
-822375285
-821829677
-821096775
-820560877
-818357005
-818181527
-817637994
-817469422
-817217764
-816839808
-816792818
-816771255
-816637499
-815700245
-815337790
-815247316
-814824224
-814611946
-814577009
-814059959
-813632565
-813067740
-812611691
-811662336
-811258091
-811211521
-810325289
-808437079
-808194313
-808098101
-806990496
-805816792
-805814738
-805603952
-805459533
-805456112
-805290397
-805246127
-801299878
-801167139
-800183647
-800003174
-799676503
-799637540
-799554168
-799548057
-799416300
-798655104
-798231086
-797888540
-797537453
-796618622
-796038821
-795493186
-794737534
-793708628
-793341420
-792490646
-792009783
-791842505
-790889548
-790573860
-790512982
-790145178
-790125188
-789268623
-788108383
-787677705
-785090057
-784890840
-784691593
-784248022
-782760812
-782084894
-781815677
-780902266
-780864243
-780714734
-780515503
-779310285
-778784811
-778140881
-775891323
-775248923
-774030276
-773414410
-772983153
-772956515
-771498874
-770734124
-769398785
-768809647
-766560860
-765920571
-765868809
-765741826
-764442498
-764281170
-764276481
-763759778
-763068463
-762033151
-760200563
-759925061
-759691365
-758479092
-756491418
-756348586
-755603570
-755053289
-755001650
-753967891
-753113545
-752112786
-752015586
-751845781
-751505528
-750516121
-749312952
-748883525
-747800267
-746697505
-745400660
-744156183
-742616132
-742423072
-741782156
-739058242
-738914882
-738850152
-738720671
-737104883
-733519570
-733435800
-732409424
-732365364
-732217250
-731808532
-729562853
-728586194
-727871031
-727047564
-724699966
-724053467
-724009251
-723951518
-723217916
-721361492
-718558427
-718544874
-718099638
-715196721
-715173514
-715024088
-714131145
-711891136
-711888342
-711802350
-711417860
-710104691
-710054442
-709140727
-708390188
-708377365
-708225128
-707828773
-705869922
-705446020
-705087502
-703644274
-701919150
-699197900
-698843938
-697231861
-697046105
-696902730
-696452734
-694179201
-694165787
-693858635
-693717919
-693609600
-693184318
-692994704
-692968473
-692823141
-691416464
-690253432
-690069840
-689397009
-689031925
-687981886
-687074675
-687044039
-686872197
-686288997
-685877094
-685637925
-685057777
-684866089
-684091553
-682506647
-681548019
-681213464
-680279308
-679684942
-679002431
-676939561
-675097490
-674383352
-672348255
-671800760
-670977669
-669281247
-668651999
-666467378
-665627535
-665411358
-664546450
-663978163
-663762446
-663536548
-662798122
-662071670
-661293812
-660945467
-660647529
-658269695
-658258391
-657473384
-656538647
-656357065
-656105925
-655410748
-654696800
-654532201
-654137822
-653026040
-652911306
-652353221
-651395617
-651066844
-650467341
-648831313
-648770691
-648480208
-648109046
-647616923
-646422949
-646314418
-646107260
-646060523
-642766540
-641834910
-640681225
-640283919
-639330552
-639164137
-638205416
-637938053
-635945590
-635505120
-634829236
-634674374
-634430822
-634290863
-633890081
-633173676
-632848848
-631920090
-631084462
-628919625
-628655653
-628500294
-628352497
-626610702
-626143041
-625682749
-624547205
-623473619
-623302477
-623026391
-622063928
-621879227
-620921103
-620471454
-620294816
-617707882
-617683860
-617612628
-616276847
-614279481
-613541635
-612896088
-612085102
-609048647
-608909227
-608394587
-608097249
-607422976
-606780354
-606452308
-606324297
-605952248
-605656342
-604897008
-602607839
-599837031
-599629869
-599510252
-599242708
-599007778
-597243256
-595397741
-595281824
-593312154
-593247468
-592987927
-591800830
-591733933
-590787426
-589978262
-589735712
-589245634
-589210748
-589020346
-588552166
-587484466
-587047430
-586862564
-586081917
-586074705
-585397294
-583739148
-583729498
-580845232
-580604521
-580466038
-580180273
-579998167
-579325581
-579141788
-578248475
-577039263
-575114173
-573591482
-572818264
-572115530
-571535163
-571236798
-570393450
-568987576
-568558112
-568198828
-565349449
-564649116
-563629943
-563485901
-563296322
-563089871
-562329798
-561908018
-561620668
-561042646
-558494528
-557957343
-557543273
-557063570
-556385992
-555574183
-554919044
-554615839
-554479539
-554087197
-552283542
-551184580
-551001492
-550946662
-550851629
-550719731
-550663363
-549138223
-548654630
-547925221
-545712667
-545047225
-544214724
-544021099
-543905524
-543357488
-542994904
-542528610
-541832641
-540273713
-539744545
-538730085
-538576508
-538524478
-537491401
-536789103
-535846214
-535418179
-535130762
-534908095
-534771567
-533897108
-533822800
-533821241
-533663092
-533251395
-533234405
-532731170
-531795169
-531658806
-531194974
-530709485
-530221798
-528624702
-528411243
-528377196
-528185772
-527981940
-527635669
-527615534
-526986708
-526849242
-526257733
-525033609
-523919463
-523373891
-522665434
-522520362
-520574733
-520537195
-519787939
-519701669
-519585410
-518866047
-518679619
-517563841
-517418077
-517083697
-516887041
-516468098
-515155162
-514012045
-513418961
-513156809
-512896148
-512735989
-512665475
-511972061
-511907008
-511246646
-510943863
-510474705
-509595175
-509541443
-509490275
-508881706
-507403393
-507397397
-506721404
-503302173
-502746983
-502419068
-501640312
-501618728
-501309876
-500634982
-499974177
-498958455
-498430500
-497986223
-495840101
-495758525
-495576539
-495523958
-495282477
-493010922
-492207810
-492127795
-491789765
-490683054
-490419327
-489442216
-487232037
-487219432
-487040063
-486362434
-484418705
-483552749
-482552788
-482393478
-481572646
-481418181
-481003565
-480854469
-480782592
-480705475
-479385961
-479109626
-478725792
-477500991
-477086896
-477065335
-477028185
-476655349
-476187804
-476084650
-472956919
-472871274
-471859969
-471858350
-470248075
-469948418
-467140584
-464924945
-464636565
-464490716
-463557320
-463016809
-461696639
-461276633
-460746309
-460103629
-460030537
-459992772
-459818352
-459039263
-458184133
-457682486
-457661564
-457629144
-456577083
-456530512
-455257217
-454144834
-454127523
-453458308
-453039223
-452653207
-451726165
-451212105
-451086738
-450321993
-449852463
-449584655
-448878292
-447713142
-447092897
-447072171
-447042215
-446514705
-445748889
-445496858
-443505215
-443185407
-443016179
-442788056
-441828194
-441683331
-441273716
-440332695
-439785235
-439597938
-438703559
-437794526
-437686175
-437538584
-437434341
-436298601
-434979166
-433120400
-431797117
-431708959
-431477008
-430888824
-429853223
-429426436
-429371694
-429022084
-428996775
-428663963
-428360278
-427692240
-427455837
-427397899
-427303395
-426914578
-426477509
-425477145
-425469134
-424855487
-424631025
-424041850
-423752556
-423553399
-422818358
-422680703
-422351498
-421253839
-419359939
-419009775
-418668556
-418133742
-417834595
-417640193
-417170758
-416960678
-416829624
-415919198
-414466953
-414121695
-412433501
-411220747
-409229722
-407515774
-407293570
-406934353
-406506273
-405027218
-404662954
-404629389
-403645311
-402525436
-402320814
-402284393
-401999765
-401699156
-400592212
-400415552
-400310494
-399979333
-399437079
-398641558
-398078415
-397711521
-397267100
-396718543
-396016408
-395942985
-395343719
-395069079
-393375705
-393290106
-392801901
-390697552
-390442474
-388089375
-387877283
-386535750
-385357045
-385339520
-384682664
-383375243
-383364464
-382816623
-382779993
-381608508
-381481299
-380919061
-380800175
-378170285
-374396921
-373782510
-373734224
-372590113
-372375492
-371770872
-371714606
-371201890
-370029655
-368745295
-368161516
-368062179
-367739274
-367413324
-367030209
-366644852
-365793843
-365192067
-365065406
-363703472
-363097226
-361896420
-361891792
-361035975
-359600212
-359418498
-357944606
-356889053
-356357193
-356124179
-355138346
-354702202
-352283867
-350567407
-349834617
-348644634
-348194142
-348141944
-347383866
-345575422
-343551254
-343095346
-342658800
-341943794
-340366230
-339685975
-339610593
-338532484
-338530177
-338256153
-337293469
-335289539
-335226411
-332902229
-332676497
-332616214
-332442591
-330627314
-329486988
-329271527
-328944871
-324459805
-323817835
-322704151
-322590726
-322243269
-321629323
-321114989
-320519938
-320027774
-319168981
-318627038
-317109441
-317056393
-316532740
-315521824
-314989193
-314175776
-313492122
-312532650
-311811818
-311560586
-310971241
-310510178
-310378209
-310133417
-310031288
-309814203
-309052466
-308542317
-307530434
-307243818
-306734501
-306112224
-302784852
-301380425
-301224129
-301160111
-300970318
-300519692
-299508976
-299445635
-298927030
-298770978
-297573262
-296618581
-294577361
-292551909
-292052503
-291907241
-290607916
-289849916
-289809991
-289112811
-288388123
-288319074
-288066382
-287921195
-286615811
-285208023
-284763734
-284403375
-284037490
-283578010
-282405707
-281427641
-280718826
-280260969
-279661709
-279592182
-279410494
-279133244
-278508163
-278106915
-277524133
-277285654
-276019571
-275790585
-275690553
-275156762
-274182169
-273788646
-273006537
-272465212
-271936394
-271770007
-270947579
-270286198
-266575509
-265162376
-264841801
-263231373
-261819027
-261482980
-260363481
-259225729
-258741805
-258209763
-257741805
-256948555
-256888606
-256248869
-254435091
-254238206
-253444700
-252275525
-252173795
-251840639
-251057117
-250831145
-250576274
-249023492
-248986118
-248489403
-247752121
-247668719
-247391577
-247160363
-246991611
-246653665
-246585099
-246121712
-245560645
-245080550
-242764005
-241857985
-240286682
-240254863
-239478168
-238585861
-238556833
-238411239
-236178793
-235927334
-235561585
-233838188
-232839369
-232644186
-232246629
-232207562
-232154984
-231860420
-231775652
-231739846
-230337450
-229642709
-229258490
-228496277
-228201896
-227741478
-227393963
-226524524
-225446241
-225048048
-224988459
-224639608
-224388510
-224357993
-224189456
-223310973
-223069178
-221038580
-220158068
-218327353
-217738646
-217652828
-217187538
-217085824
-214797665
-214359480
-214055981
-213969477
-212824555
-212823107
-212162878
-211765033
-210129037
-207290559
-207263416
-206538430
-205857702
-205128044
-204895084
-204663898
-204468977
-204223030
-204116922
-201589460
-200121315
-199808746
-198797648
-198665667
-198478085
-198310110
-197881092
-197619211
-197495149
-192902222
-191780257
-190158694
-189908180
-189207957
-188510345
-187325507
-186872757
-184155796
-183914481
-183070298
-183058205
-183029744
-182789633
-182783488
-182767314
-182651512
-182383520
-182063019
-181133415
-180852976
-179783196
-179247882
-178613063
-177968457
-176498955
-173735288
-172108740
-172065657
-172048706
-171858348
-171564217
-171467873
-170868049
-170589152
-169451588
-169437671
-169167720
-168591297
-166368169
-166015954
-165667688
-164646532
-164557784
-162963858
-161187740
-160881363
-160760571
-160189573
-159250602
-158669492
-158418722
-156464638
-153135075
-152449963
-152051827
-151615857
-151599050
-151476592
-151072091
-150904949
-150626185
-150620813
-149795302
-149085539
-148700137
-148226229
-147676515
-145820651
-145499129
-144987504
-144852534
-144435006
-144214285
-143925535
-139792708
-139626046
-138195242
-138083457
-137962353
-137721524
-136967515
-134703998
-133757554
-131635394
-129634371
-129257283
-128668450
-128175048
-127872127
-127405839
-127189225
-126447216
-124705412
-124686752
-124219231
-124180797
-123131353
-122725606
-120865768
-120541968
-119894237
-119578700
-119397468
-117877340
-116946757
-116429739
-116055337
-115335904
-114243480
-113399595
-112673738
-112353016
-112025500
-111519504
-111207693
-111075775
-110994214
-110865370
-110519546
-109894745
-109473718
-108409599
-107929044
-107748665
-105361865
-103921570
-102713198
-102669353
-102505799
-101843096
-101351562
-100357376
-98424922
-97987788
-96840161
-96487511
-95866465
-95636671
-95522551
-95117477
-94949321
-94083670
-91589785
-91438372
-91199764
-90744215
-90302840
-89619548
-88156287
-86831134
-86569354
-85798192
-85230420
-84952188
-84656340
-84317713
-83537576
-82681025
-82354608
-82279890
-81696782
-80879447
-80851019
-80598323
-79933070
-79840003
-79617329
-79480589
-78959468
-78579971
-77958697
-77663212
-77475474
-76724303
-76338584
-76107461
-75927104
-73405580
-72938861
-71404333
-71356674
-70779529
-70686009
-70402112
-70168185
-69849313
-68999622
-68827307
-68532912
-66090993
-65621047
-64927970
-64858726
-64551157
-63112429
-62366729
-61765344
-61688790
-60384913
-59851171
-59629773
-59289286
-58644066
-58198016
-58125966
-57634430
-55276423
-54861424
-54808225
-53043668
-52765924
-52616339
-52067508
-51629544
-51429196
-51364654
-51161655
-50754512
-50233727
-49833183
-48323743
-48189523
-47800923
-47013891
-46633434
-45832113
-44144472
-43571667
-43359096
-43022999
-42440556
-41860947
-41533978
-40718910
-39513125
-39418403
-38383372
-38226602
-37952426
-37329621
-34751206
-34334143
-34047152
-33644478
-33237726
-33121157
-32973333
-31994398
-31473472
-31182088
-31169409
-30745225
-30387490
-30015099
-28092536
-27749335
-27399631
-27191731
-26952878
-26762200
-25930470
-25773046
-25343244
-25118182
-25080107
-24509448
-24126512
-23980234
-23952885
-23840983
-23555963
-23136380
-22757590
-21764948
-20318469
-17745910
-16098320
-15406892
-13565174
-13403968
-13312057
-13029082
-12437490
-12380987
-11659310
-10795903
-10713573
-10449679
-9945593
-9570853
-8335907
-7882749
-7312722
-6833629
-6119476
-4913594
-3727483
-2679997
-1952675
-1839219
-580896
-391017
-314003
189334
1103116
1242713
1568494
1598825
1785045
3315689
4067426
4212984
4835168
4927533
4969822
5945243
7105327
8331684
8332009
9384448
9868283
9914026
11204834
11524752
11820761
12709334
14168202
14350082
14365880
16264011
16462991
16736843
16843566
17238029
18434680
20445953
20730710
20862494
21084698
21724836
22633263
23151430
23280519
23753563
23965572
24496070
25056043
25281500
25439881
25867545
26085216
26242255
26253052
26343035
27352653
28050465
29558645
29919605
30683985
32089209
34236019
34949409
34961137
35185788
35396419
36181576
36820071
37474666
38402508
38836687
39170526
39520919
40148323
40519512
41514570
41751614
43631730
44189976
44824205
45217523
46367053
47164232
47523674
47723189
47789133
47861501
48009991
48414307
48802138
50727048
52168321
52523085
53009006
53660154
54507332
54867534
55096318
55099695
55585094
55877797
56119173
56403557
56556348
58352110
58614461
58744557
58979053
59393505
60542336
60872010
60989220
61203833
61845818
62374349
63252019
64149603
64214892
66127444
67610868
67862454
68301562
69105085
70321184
70748150
73130508
74455393
75399528
76709282
77452256
77706417
77782594
78263131
78503380
78647567
79687855
80647914
81077221
81265184
81539963
82486055
82942572
83273612
83652883
84376430
84566315
85359923
86631115
86985704
87133596
87289075
87956293
88461890
89489265
90737571
93121067
93402232
93816880
93858609
94842948
95397426
95498752
96151995
96165197
96699230
97310276
97418258
97826343
98211294
98412899
98751822
100066327
100289587
101580038
101802771
102098537
102934147
103502178
103672635
103741979
104379786
104420566
105250517
105270425
107423836
107844222
109115697
110381187
110540551
110566514
111036329
111107701
112390822
112417231
113394518
113991486
114001360
114453012
115706064
116512812
117319076
117413730
117471972
117618342
117805437
118935877
121020848
123776434
123792479
125733768
127247709
127445714
127574710
128101200
128250907
128528918
128944412
129146571
130347238
130427339
130649060
130795659
131343887
131656544
132066273
132548852
133142159
134243680
137101204
137177652
137909114
138022883
138280824
140728248
141081370
141379976
142707092
142726738
143717532
144386813
144555300
146715778
146912078
147507392
147830427
148234348
148567735
148991081
149976565
150071350
150641827
150651153
150882623
150915702
152161580
153794156
154352342
154755028
155235082
155472715
159407231
159764611
159810179
160104953
161424703
161830920
162090048
162514476
164193497
164469627
164864916
164897164
165258824
165860087
166681033
166969596
167121327
167296181
167374252
167962940
168582891
169367029
169681200
170911291
171465772
172393954
173645073
173718385
173904723
173989224
175228663
176422208
177393713
177433102
178315619
178341994
178474632
178774211
179596085
179722011
179726990
182017747
183084389
183215655
183806289
184131264
184546489
185001518
185018599
185682618
187413360
187459937
187673688
188940023
189661270
190256762
190478511
191417344
192007212
192147605
192785068
193119345
193126888
193200002
193204511
193297993
195858870
197267146
197590800
198662063
200833434
200932957
200986052
201341201
202030224
202923373
203124235
203473045
204694302
205584202
206183276
206238468
206690579
207438564
207467866
209448750
210213725
211043179
212618784
213464321
214061835
214083055
214740363
215281494
215905761
215918326
216448620
217613458
217633561
217875704
218577536
219635242
220008228
220762230
221853483
222077078
223476827
223950277
225835947
226312953
226541620
226931241
229496011
229731960
230937930
230953364
231112855
231667549
231993955
232820255
234732555
237302665
237675645
238368480
238683076
239120527
239780840
240048131
240449287
240748029
240935657
241196153
241354641
241860215
241902168
243176371
243845574
244189081
244362709
245028500
246228880
246312284
246685594
248188593
249750406
249777536
249876983
250579283
250849517
250940305
252517504
255249591
255833122
255930912
257770745
259384236
260807916
260905496
261125046
261777753
262425915
265822919
265953559
267563924
267877997
269138654
269269950
269444649
269478063
269677675
269883256
270472001
271092407
271225971
271262750
271865093
273972615
274180043
274871568
275505412
276013048
276527472
276947745
276978029
278660827
279485716
282500722
282618347
284678829
285000626
285262589
286058488
286359745
287183114
288543376
288779374
288826955
289608136
290178896
290887684
291888975
291942931
293133262
293459716
294809819
296173114
297931189
298997993
299657799
300836690
300847825
302545329
303595239
303706953
304825727
305305628
305428967
305543247
306629040
307138957
307145559
308648839
308966659
309105745
309591635
311480405
311984815
312694741
312890341
312954508
314299398
314343367
314986754
316286796
318581402
319050519
319982301
320297034
320426541
321509860
321760200
321960708
322123388
322516993
323789363
323898470
323972076
324397983
325056645
325242897
325761184
326624908
326747391
328332763
332143833
332683996
334140856
334281386
334412308
334654191
335162385
335682892
338153395
338321588
338616476
339600919
340143241
340172619
340468213
341065853
341580078
341802289
342236853
343382499
343680838
344001606
344175764
346090874
347197765
347277953
347685010
348367928
348978793
349603746
350261119
351283303
351468533
352930402
352942482
353949338
354255066
354672112
354749619
356520118
358645527
358654864
360945065
362597777
362673745
363585699
363787988
364516074
364528890
364732315
364887065
365797803
366352985
366952641
369600323
370874370
372266803
372281726
375112181
376061562
376133586
378174473
378437679
378636193
379619342
379891748
380143604
381128501
381267555
381577709
381761460
382492234
382931670
383047370
383225320
384258670
385697333
385846859
386596316
386636307
388058807
388638929
388771974
389847814
390118879
390886987
390975161
391544351
391571621
391892634
392047763
393250820
393274897
393923047
394068567
394581708
394634973
394636036
394944564
395895861
396564137
396719543
396877605
396886047
398571448
398996325
399601578
401217297
401385360
401717544
401810103
401961986
403244010
403901771
404034889
404068145
404196763
404249152
405273893
405337902
406158338
406787292
407258015
408489619
408618604
408849636
408855190
408856180
409252012
410078114
410120672
410481839
411039183
411568686
412460499
414384781
415211218
415902027
415914874
417124219
417971828
419124967
421662729
421965687
423052074
423518090
423804561
423923490
424171998
424887002
425041114
425327577
426722459
427152492
427214201
428125499
428902852
430196549
430217357
432320370
432622756
433410582
434497204
435887383
436047705
436118113
438252644
441105625
441679999
443445845
445991670
446578922
448102677
448450935
448664866
450054936
450687644
452445386
453406583
454354868
455758809
455880333
455893637
456562904
456566011
456798118
457846914
459573208
460785100
461560381
462742050
463071872
464705271
465612334
466137437
466273886
467339637
467413908
467441469
467606555
468259664
470061486
470544271
471244433
472104272
472674398
473266747
473492334
474522261
478035371
478828133
479996410
480548928
481314871
481486544
481951479
482227849
482773087
483240273
483594336
484098228
484907342
485183889
485233701
485403256
487121884
487217591
488112243
488627605
488922028
488936470
489226053
489585179
489857750
492052496
493678097
494306625
495803600
496184613
496311178
497341456
497382258
497490846
497572580
499117187
499809065
500583706
502282306
502771455
503027979
503207589
504055902
505160535
505456279
505568279
507171404
508943499
509416248
513970232
514790839
516762775
518581416
518676252
519090662
519889558
522519773
522745903
523130799
525776254
526860440
528285149
529111936
529153598
529326517
530476736
530749985
531216090
531499084
532402484
532497072
533032361
534249698
534471229
534556269
535782728
535998637
536389865
537874183
539257178
540041207
540214724
541138432
542630725
542745133
542928411
543055996
543310840
543921205
544042844
544249248
545781581
545959092
546756419
546897053
547337954
547479133
548740841
548813789
548977716
549108699
549334881
549752815
552249730
552485245
552514433
553019337
553248021
554108449
554325540
554435418
555828260
555832679
555898088
556423917
557870387
557900290
558013779
559084683
559248572
559410089
560544561
560937478
561241453
562617139
564579138
564627152
565414277
567062742
567087323
567120176
567341682
567995104
568548590
569114137
570123433
570316778
571530721
571629050
572036523
572315032
572960878
575580136
576621025
576799948
576803563
577838340
577876671
579497733
580073157
580638861
580646116
581219437
581236295
582268823
582671101
582731855
582999410
583277672
584246339
585999089
586060754
586303515
586666378
586685126
588117404
588138092
588229259
588769523
589907487
590423349
590875573
591494317
591940035
591999812
594322236
597274399
598079401
599076842
599593311
599913172
600466323
600625894
600804698
601585965
603709693
603867354
604226797
604286742
604286982
604383877
605205258
605446783
607772652
608667224
610483027
610492824
612006207
612348578
612932257
614679936
615178111
615184133
615390990
615577419
616118419
616139701
616160478
617268401
617903891
617991379
618610596
619519731
620458579
620515617
620904482
621784526
622413616
623403802
623677756
624204636
624568581
624620056
625419963
625452373
625926869
626338365
626996960
627028678
627181507
627775843
629452677
629479105
629883218
629966501
631712033
632957208
632997381
633438541
634822453
636418903
636526324
637635196
638575677
639105909
639657649
641138006
641425815
641462563
644585058
645065186
648781975
648916149
649622025
649915034
650358698
650511776
651202728
651483372
651738560
651838229
652226581
652697893
655287676
655697455
655960413
656002874
656330922
657052055
657240794
657683551
658346757
658642624
659529986
660467363
660787621
661270077
661350254
661585981
661705671
662663465
662727194
663054030
663352523
663362284
663901379
664038943
665627664
665935064
666048415
666384672
667609524
668580057
669324430
670827266
671230455
671620616
672611213
673586401
673964750
674679106
675748333
677458707
677877658
678368868
680210118
680229444
680484152
682387708
683635376
683666735
684278264
684608522
684653198
684689738
685009163
685980902
688054850
688321285
688752345
690413971
691070456
691393696
692229379
692295285
693028805
694053128
694813276
695436069
695734049
697287571
697477584
697571016
697645453
698120508
698538875
698609605
698668163
698878957
700352229
701871792
704734535
704747697
704883744
705101047
708032660
708347786
708805442
709275090
709698227
710676502
710712551
711949195
713366068
713655058
713956199
714253947
714890742
715042377
715575911
716471835
717379120
717915380
718334022
718480398
720312770
720645135
720860921
722329028
722864696
722945769
723017810
724215419
724497504
724776781
725021631
725053771
725910045
726322734
726333328
726803684
727016634
727181401
727861101
727899534
727992542
730404092
731471543
731529496
732153258
732373558
732653141
733202310
733362188
733777582
733817064
734089567
736314945
737884715
738007729
739807811
740204607
740727169
740787671
740940076
741429104
742300974
743261433
744721476
744910846
745294649
745524898
746474124
747966639
748433147
748662592
750665013
751376753
752364186
752891929
752946053
754213855
754534761
754660590
754953622
755042419
755678678
755888756
756212228
756563312
756841689
757760362
757978698
758128023
758962490
759007947
760951457
760953580
762016648
762594729
763417855
764073645
764209546
764281645
765600815
766338833
768066188
768912282
769584264
771358969
771729290
772334722
772388286
772435917
773340317
773373374
773906655
775392167
776015202
776157433
777244018
777309886
780126891
780488334
780801333
781240269
781588719
781713450
782380930
782417894
782675173
783512321
783622416
783815209
785498175
785988612
786170581
786905416
787683842
788577053
789591570
789827864
790193541
790328121
791591949
793698217
794373109
794806129
795943165
796976039
799528535
800080902
800998694
803298544
803520185
804615947
804746063
805023757
805754127
806445877
806730827
807258348
807378895
807476597
807830596
808491930
809001085
809391008
811336930
812061200
813505563
813807508
814359161
814794904
815223535
815854222
816540459
817679215
818019306
818203694
821077781
821478665
823075080
823128665
823494516
823841651
824445789
825098187
825671292
825842255
826353408
827270921
827358590
827934579
827997552
828536916
829195073
829210121
829551049
829941679
830143071
831095118
831945147
832058632
832912339
836289021
837589792
837910760
838383707
839503726
839855134
840465056
840603170
840724015
840794114
840997776
841204221
841364173
841451526
842037222
842606793
843647752
843829329
843981280
846147235
848686494
849662112
850118241
850339534
851682147
851731294
852002399
852223467
852877015
853082040
853382888
854507248
855201870
855483060
855655731
856275170
857359608
857747621
859178370
859902406
862382391
864185093
864853005
865357999
866812656
867739830
867997668
868144921
868309804
869073960
869748017
871987718
872368967
872730669
872865331
873616962
874062877
874682415
875078223
875843665
875942023
876026759
876199306
876380715
877164946
877262203
877694355
878641589
880036808
880566043
880799283
882035729
882237129
882494288
882944662
883513021
883616841
884246442
885036058
886064447
886542593
887209807
888309695
889786310
890569927
891194452
891791565
891818639
892220676
892366087
892683535
892954033
893368097
893452271
893456862
895185748
895850197
896456414
896763043
897126041
897172438
897231029
897426620
898449509
898802786
899503001
899950549
901074180
902137062
903938557
904213022
904981800
905139208
905866360
906055353
907999481
908300796
908812999
909266677
909563289
909961760
910029437
910212364
910812708
911228768
911742210
913799772
914952258
915612858
916109972
916248962
917525862
919087395
920427640
920910051
921130540
921331623
922204674
922212036
922283450
923706764
923916274
925829853
925910146
926381387
926604167
926674943
927253807
928357001
928955046
929536965
929900882
930655302
931421483
932103216
932200666
932816267
933515082
934314751
935411638
935802127
936291069
936797235
937073752
937100400
937894816
938339260
938420992
939116489
940556437
940747031
940931551
941043385
941395544
941489180
941572088
943654736
943787815
944334095
944518745
944655962
944739027
945018808
945084844
945414566
945434287
947479863
948570227
949527589
949641393
951533115
951957063
953212995
953284420
954057026
955157860
955674830
955868893
956233315
956915844
958018399
959494867
959662292
959697661
960849947
961193082
961986482
962198360
962269917
963747914
964108890
964497582
965124530
966398158
968535308
968666484
969751820
971684865
973277847
973587276
974033131
974283293
975134553
975228155
977511225
978381534
978999963
979408978
979524019
979909061
981476181
982691453
982894551
984753927
984972118
987871324
989489667
990778057
990792693
991411627
991936143
992619567
992670185
993345868
993383660
993782501
994034829
994427018
995364174
996229327
996455303
997253363
997934180
998680530
