4000
146371218
-666558474
-690577792
-869242871
-295275271
-275627312
424108626
917565701
251213737
-306782522
396859266
5114515
52269048
578199611
729762554
432933592
-399065898
-556646235
-881634485
-733399888
500558108
81811359
729089078
913764716
-309571579
-331305259
-955275065
-10067466
-447406860
-419457864
962953222
128118205
-854355547
250202546
-609918100
475432404
930636295
-278281938
-234935747
-975834382
-103952591
710378508
94403893
-811738180
-204695290
546521475
-80953600
-615477351
-357034818
246482694
-106819936
-642933184
-770814075
435736483
-56524407
-176568475
-741008177
-29566787
-251187753
-733055671
352713092
688737554
-947433857
672063620
696790543
-33743592
-438543014
-792485726
-596379421
328997818
664195668
-417518649
599035823
715721202
626855249
723875514
539940164
550232698
-405433878
-578458523
555942244
316545585
598724610
81979803
239891434
-54900894
306164652
756160127
650605070
181986801
851487572
678674326
422942014
838761207
667508394
420811476
978256474
109441246
-825559300
-560014104
345171120
-908602734
-354244562
530232843
638970007
78771953
-707869621
-498278593
-48162091
-123549083
640288342
-124530307
-410480474
-892277122
173569531
-239898103
696957056
-256887856
-592137032
-439587829
-746628101
-249149101
481256854
920378457
871658025
-46938947
126737732
734916200
-688153295
603367865
256656983
-740081777
181450324
76130969
-148140678
235854610
-866473472
-608479774
-712052015
660699868
111931509
133273187
-533651676
917224234
673863955
-691869435
-995202075
24827651
-960551341
33696901
515825142
224334330
850401807
-484878978
712017205
-497807384
-573526940
813541656
178335444
661614394
-839666202
-942452235
867170792
810184493
-293183557
-946791261
640771001
-13496628
-133517528
-772157610
674137531
255095448
983059924
-594873986
-497710611
402350710
564308421
-964774945
-863715072
307294441
-341733417
541398303
-547364809
-549055366
992234568
480507007
-438072690
-447778387
-976903281
936298991
-282218950
342755287
582345410
-785604231
671986201
239629089
804284191
280034526
-746873421
157884615
824618593
965984582
-348251069
910643312
-652380766
-149061224
635872854
-78471628
554794495
-594487828
-818239768
557953498
-874490282
-229756859
256835049
-104556335
372074421
568720760
-556206130
-140862095
96945275
-547449159
-151324152
60717101
-763697077
996009852
834979943
375397110
733860067
-87876256
970120370
566397726
457130377
-276397183
-584646328
601069996
462441984
5052530
-423894948
524866146
-361372540
-752838157
-271281133
869097786
135329831
449255944
-438162048
-27094814
118559868
-819794087
-860672238
-426397022
-910318809
920548416
588487372
-730666327
-433993762
731443539
-388331295
-303369513
-743233583
-475066684
873761432
-368925662
287702989
-226119875
-653919464
117671981
628852753
-239647028
-267515351
446296220
510106719
583175911
-465480794
783398681
191590931
-157272244
66862921
88373281
-861782000
-990574136
843712362
-54257584
927937414
785289779
589200369
-837717308
-394204332
-342931509
-783281283
-122496037
497210433
667292905
-126854580
-231269483
-157462844
-631472325
464199050
147816725
330965040
578978397
906439244
-151671259
820402942
719556957
-556230247
-148686603
551763189
-382262540
772536051
675034303
-929749626
-973216049
7984753
511792411
-488713018
-561090714
-616052939
-293823022
-813476934
676940313
-106889232
362497727
-128662376
-585125750
-549780195
-940548311
998361754
-269676364
-33129917
693331548
-339298703
-687655795
185290903
632279030
228461544
-589271818
-296348951
-564424115
634279894
285262715
911716100
388591360
-723658235
-979459760
-933131920
805993491
827515980
825673840
-612054265
488905698
147508330
-325541700
-128473587
538889484
205230220
535825081
134223040
-303750615
-804384172
565969942
689689214
-413241488
-833535939
-886482233
501834238
-800956686
-231333594
-448117606
98179307
471055457
371529076
-591191186
-4189347
572950972
374625360
934348962
328452073
-122515125
903938948
-560880367
-426684176
-685389845
-486839678
-881432146
548011111
-707262958
-628587863
701592662
-946883136
413165461
-815034586
669884871
944262720
-94196189
70780201
-780814338
238743376
717724740
-40520032
-846415348
15415269
34422899
-927194375
-129921734
279597078
-318160622
725616131
621135674
-805282828
795606533
-723874140
-319990535
-800692177
693328380
523632665
-479732552
-245765370
655002738
-296231551
-746078916
214083937
-560395715
-487523934
-699520661
-231414158
-546260057
74686152
366233042
-232100801
-322777130
-811513768
-244626707
478723227
193081942
-331750811
758989347
745139039
-272344919
-928443552
653319893
394950337
315622126
-957698848
327280643
-877514893
-866976285
-969150333
-602155405
48797682
734593922
-180987768
760323742
-610144281
480080676
-96398948
538730795
903378978
-992089202
-599053060
850127274
-869772757
84009001
-87557716
19998597
698357699
925637467
927019586
-270655440
726997964
-626347257
985399454
721960534
511081982
783421503
-786049194
-362386315
-591420771
468592705
-936069135
328623059
185425613
-605513896
745099459
-717836098
-322127928
-790417611
626206000
206378432
403605391
-950476053
792227205
919804252
251559206
369475040
593737189
-242016583
-64983489
718409927
660957010
-909904129
-962296877
-71646870
396047297
-17973440
-379767633
-851015198
-512298365
814007097
-916834841
-977281919
666402453
-75995911
-106577175
-614848326
-574870696
-485015124
-759594776
677194471
-512431406
-356330301
-412337862
-125737049
734273206
714610201
-921728654
4968846
-486004125
-171595688
706313326
731548267
-185079883
937530368
-936787231
403242424
-469622863
-44021969
847900900
-29301464
-710045528
-449764747
-459075822
-808113712
907236126
-272016730
-505178685
-112182149
947304648
595628574
-414167312
437861203
-604045937
228198079
120676780
18633771
913264798
847994418
899461004
-809400181
-455039947
292013955
516074140
-419777858
336591427
-21861522
454229505
382896613
-704892124
431435555
858476518
-872278613
-505250763
900895199
-369795590
730668925
898797030
-89589888
-287434122
-897549988
714993055
-270746829
721473079
-77321927
-145567942
-879686260
-477365456
315734559
841570819
87301592
705647007
-310610622
-129530158
-958727028
-88582704
187421268
400442140
-141191401
597099557
-48344448
33747138
-854235902
612059040
-331157020
-764983801
-920589220
290294839
-817147498
-820433421
387906161
369562543
571695117
283635321
155631686
14488124
-15283269
-226287465
-626360550
874242781
877620824
904999453
-577893489
-206825148
602114645
70218932
-539163615
979321341
-599827101
23576297
52917950
993643684
-978017351
-243768423
551057373
-89814778
-661490690
-838483010
439234243
126342563
-196302072
-145055594
582587011
-905893323
-301064347
274824556
612082603
70957953
-949738636
-102238797
372527356
-577808021
-746753542
-901679727
-189589723
338530707
-107033447
948712762
266360773
586024695
-420497659
289792440
40959193
439125680
872250832
550328512
617672009
-230959182
-709921002
145594011
488035076
-574847840
976479701
-822557043
-823588122
6520603
882216114
38221543
-479664188
28559971
-32172222
-197409219
827957396
-726750396
-500272684
453177945
-207312957
-559757467
575178419
849927225
-235721520
-528167722
-443785270
-165138341
-82950520
328017738
-406695871
-629422062
356804513
-181733204
-822568755
529424586
-819781181
387545757
62989247
228007044
666398868
-983595375
-775863954
-563919175
984623485
316056462
-833772403
532568485
965093132
536535529
-688393133
-420213802
-30209383
-932197540
716684342
-566433652
96852383
642622056
379338860
-965836797
701599910
-297614298
-147347424
-377145759
952047612
-956929993
-667228193
-380744440
-191338751
655928686
46565133
-63303095
128708441
-934574102
365837734
951906798
-268245694
-825963984
-549940454
-913129292
53307061
570267549
318918098
144759456
682242729
959566392
-134525889
-754853313
-725161040
563696895
-108245520
423872345
-39098482
862037198
-222021235
-780152211
-104496095
288207474
515122784
-556025124
654933774
-478860556
373731277
212424344
256216612
-462536738
-571051152
-504605104
235989195
-361400912
30235714
-867512548
-790452316
-162934679
637572124
-368581515
486404344
-307030849
-554818442
-475268105
-459705580
942610992
54682399
-830414766
-24014883
804681785
-295167733
133054623
940465267
-592622991
-298306021
-997279271
-954953107
-113891872
968951742
606220332
422253916
450732285
38946859
765436161
-276396786
464285995
845370765
979503584
442274667
322164441
-438635072
-258265374
943911251
-9409711
933720031
-876841522
-641058316
205448375
-942918504
695796331
529856768
586044072
-461590445
701580331
-150364985
-539149258
-260515949
633440664
-468306357
990258422
327640284
29668321
-706813715
317200080
-655266799
10129380
-538405918
-391923469
80537481
-77256899
395886623
-908042323
-399502718
-111801761
-891418653
-369161675
357248322
932562377
-804686832
-944212418
-595785800
-117291769
-396805929
-374920373
149086461
672506174
-847772516
934170482
741390590
-841775679
502079010
-548637185
-765565576
567807736
-554461055
623209584
115338756
-72656726
811047711
-300279222
-653525010
-286658540
-473484494
-826883772
-410774579
-475581581
-173056183
421766606
528055942
-650193665
409373042
-840809475
215078935
508729581
562876051
-447562661
459836189
212619933
668918420
-646234888
-629736468
-961915655
136171320
731406994
403523458
-88880969
43355999
-108635603
-914662193
659530596
-768417111
445913727
784204357
-779676833
697565714
266211586
993404846
-837193635
-61890681
-451711072
509596357
-669159051
275029583
-845655063
32632131
430518959
239978047
-892276891
499087494
869745601
738470064
865311678
-815465742
893061659
953743588
-417734798
160505261
-425788105
198177430
-703253087
-675842277
516767606
-895717074
139600518
-471544174
-454248272
381159801
-33023712
490440907
-800662659
772473893
-219112498
-896131307
953941643
336525732
-427516932
388872729
-152351432
720894418
462985355
-924314908
909593334
174156445
318488850
-485134903
438283947
498910388
790372101
-186801557
-215602046
-984502384
809166314
-607263620
254347994
-312679381
-953883004
-198415554
512635303
-718530465
-629853853
75355385
657489261
925541867
24015257
-308335654
366989112
-566991676
-191920020
-996898618
218256325
-987625904
948368794
-506344350
-87740885
-829549297
262142271
102215213
36726665
-177563196
109429027
-46408085
-648901402
-259058618
154669879
-817492696
-829133494
-485030635
-614031765
-754686836
675121399
307684254
132293262
-429149747
364070195
-280509070
147033106
942610793
519820334
-260464388
-681153241
649032124
-362320368
-384734094
-361819262
121472540
-485911583
976942462
-621216775
327061143
471913525
-191470689
184032466
-416026823
549978352
-146347238
-946677684
638807062
-83785543
-865127071
-537988893
-481632496
-462725258
-32763850
109471509
418422864
743124929
273761718
137007210
140497230
-41169885
-212473886
-330556369
-168173240
929747343
-484022331
-498691248
785932963
-800499457
264042695
506871260
974458381
-231973210
-272751172
-460840616
309889455
565358194
-802721937
-917273063
-41768684
-533818277
947668512
673765584
270869845
-363382983
610642084
309030830
-747652412
-994984761
-837379193
53105135
-489944176
-675617163
-731796819
972271244
-696617622
421998590
71412064
767377517
323789928
-803576990
422892310
-18566056
-203348720
971175363
-631539554
939074460
-16644768
170304274
229782113
-419864488
748127432
-883944150
-950647772
542611992
-531845384
-143164666
-859106290
176699001
569314302
291587773
646159219
-69702248
414510312
938062227
-328117658
-392187583
382192529
-301267685
44277716
-862405385
-488565595
-297373046
-896995560
686919225
-322116084
-901674946
-372292156
-428969117
711014693
330852021
328876070
-702816628
184673509
425300468
642654496
757155029
86669722
513129133
956041402
-947115405
96225960
268501422
-277703666
-580970978
584794420
-475053418
-529612752
506648320
386385931
-821213385
-193749546
449971240
597320898
-653613506
713593444
328124561
-315520049
-73457091
-521122821
-751292249
-403523943
-938480580
-478790255
-690746086
597909739
-356662696
-616273239
78665119
-533679731
-282819574
17233052
-458870162
233515540
-304219294
550841026
-842879068
-561792516
-802229867
214513518
-601107760
892503670
767298192
-995072191
-806657559
-173227675
-865625817
3619297
-614642168
-991603671
228313491
-517452418
90414612
605027770
-27509887
-802073794
492283691
-63335974
689871800
-107103210
836888497
-44597676
-965879684
137273340
489023878
-942609459
633198150
534920926
977211250
-770994868
312503520
790027386
319305661
-923838305
-452094201
308342122
-730477565
136958993
-513967942
-752744472
806013796
901687895
820280313
-601439002
867377067
230108086
919957183
649010209
-702279423
-665360728
402846423
-261258944
308662950
-276251564
-346333671
467466493
-714411783
284838800
414846613
-855205446
265515416
340628146
517807360
938162219
-999396727
322524642
322916694
555585415
-825060130
45662298
780969132
95643967
270567847
148715345
987042992
4654728
74480318
-69147741
-391884543
-51220254
374732561
782605387
-821695924
-389041474
809404213
145504188
202637501
35179014
95881509
619411835
842901574
122144258
-886785577
-305354085
-976669139
139176259
299117480
665549901
258436927
-121730988
494155808
-85733204
-581863134
286075923
-151503593
-295043259
-708843511
297607713
-411761199
-822664401
984445946
-384910810
-782839431
-93977856
731193579
995137774
-761386265
-474409147
373572608
642294272
657224268
374882720
546529538
625098246
523250603
237591829
-915854139
514340918
-117135771
-16240221
347206848
925603908
-84152359
-240692967
621045845
573535166
945929310
663274774
-119200205
363864162
83329324
-229551241
144982129
-127884987
-871474158
119439300
723261253
-548974007
-482453221
-569377197
-766384626
350828440
-872081915
-476705422
383038210
580889576
-183063080
378372660
-960775588
-555544341
-807287833
-641605418
-355306847
35540733
641802357
-333462848
54121188
855046382
195842991
22917156
254314481
-363610523
21268898
372305566
-541677523
-959180933
-55451278
-351134583
-369125458
111402811
34659559
205718018
-807046088
386922746
-168701845
359466508
-712461076
-792549717
14538620
897823762
419085844
-653223913
-748856876
-400630558
-186371228
558626977
847107746
972643823
511712347
-290332999
311610337
-129097298
117156914
436313337
-56437580
-317402519
411954592
955818194
-40546281
414898186
886169249
847496205
825303018
17238306
107514233
-537978194
408414948
488239902
885982523
-683506401
375655184
291214932
-809655181
804786723
687275275
-12162381
-524613992
-262490321
-761987057
855938265
-998539188
629053929
432207880
840110403
-981015223
543277475
-711761243
-354853542
426384955
-803445397
-876892976
17116515
-430441752
380735329
807025929
16727466
230426950
-926927891
-684663642
63410212
681671197
519388549
-435174896
147099932
335021847
-627969736
80288524
393675223
568202695
426273220
485822314
-700973259
219732562
740880357
593105113
-645938547
-314332364
182025890
-711516171
-703455500
-395429565
-694199496
-673289570
357639625
263202678
-218698487
-380176121
-789787203
187793882
536740300
-62026984
-206876495
-787193571
-419933249
-343609400
-343586665
795022658
-463517035
722262946
529380705
524215653
-498174363
-155592498
583891865
911077312
-296091442
-940700244
-75112865
-809088006
-256813789
-307607256
-750694422
-57275743
695691650
-606974192
-773886024
-354619284
765746266
277297153
173409734
-729750226
-223490252
-847311706
-333379952
-195994107
-134929370
508654556
-587665806
982766604
425752493
817520617
-240900668
-357968022
188298995
516787996
-281911219
945813826
824783967
-518281134
-982364260
-142119096
280604886
982473907
108948082
-710888123
224699652
631636371
-653240404
-991525131
-632605876
-299915174
401246263
-778611205
-303928408
-924128788
172612325
200920261
-164464229
927872578
563119183
980166098
683961111
-430899778
595325000
-525797799
-559264579
-97191654
850464279
-236930365
949966229
-620599708
836689810
-321613275
-66449032
133852795
793409216
473356877
868541981
459710745
-790453053
-7211996
987072678
857748825
-362139796
282703755
985712334
-254302567
-308282671
198390961
-40648110
723851326
-4089692
808651524
-100895784
783333386
-963108653
135238366
-824302032
-892245721
312812390
869411701
498723586
990362377
-739265506
-36037575
-313484931
599102813
276708453
-549564743
-237369366
-356504752
538524536
570066287
729425406
152111458
607632301
-500596277
442720901
-617822919
-30850285
-698798045
326438709
419330818
65435423
-237742463
-534667070
-247665508
-918450092
410847596
-635893795
726139979
160436836
-428759742
538636857
-496911386
-306383276
-157480896
541714222
-867032251
-349942899
-483533905
488903481
-342411840
854732873
325985559
352320494
413519496
425256418
-780667993
150904241
431402681
-745451194
221547789
589839133
12981129
21744857
472207241
-993795134
206989593
-840370717
488745510
-66668952
222776729
253744986
-76728399
992621208
578398761
723359092
-709268216
93194742
-480581056
-57645446
-415471933
-867713228
691559805
114668314
-146132356
154980022
216801733
92031263
630085497
527901858
-374646021
349688954
347223851
752917680
25290839
873865856
107420581
-259994664
-569553589
-769360565
-239523590
-14658372
-373873625
-658273336
-344231029
-758601716
-562713151
105773663
503821113
-761959043
77159951
326650022
441534353
129834801
903422210
-922121465
224706616
-374344104
927644002
579601636
472408368
120418049
912759266
-546906035
-128191594
-807095488
-885051935
-403947211
654562854
-618440957
9636533
827495742
-81266865
-894213406
619759148
548016525
-26961566
289730401
-454418684
-410872896
-378528978
-391854275
572225168
276991608
-811718987
212426859
-757457847
167205846
-973863759
-303119874
-779658532
-836799552
877078692
-511386249
721339283
418670874
-699267735
-806958516
-401667087
-489334521
360079761
-668062143
-151819222
829242037
-888841882
-540065926
-544145394
621549156
532677534
-463527058
59771545
882287676
-666991548
-905605067
-41960165
-609675965
-974689894
261172123
-645940512
-357103906
310216715
613562104
886958689
-634300044
114999751
-79914040
-480165937
-602705745
-787133163
-472183473
560640046
696986235
523289740
-252145454
457122768
97497584
-827723043
375052233
175296570
415838266
-478498520
-19872210
-637518750
-611847021
-956228246
226933279
-699280267
-178082335
814171797
793396820
-438940649
333747021
912609964
-156849693
245996491
-425594086
-204529496
-895005320
162909431
125721086
586021738
-803343493
-752603011
978905222
-234362998
300999197
303322477
-564496771
670788806
-586114333
-452856375
-134490607
401226729
948873746
266807038
-935757936
438419321
637698602
-186123074
-830651688
140175486
-642632293
99719265
250679594
827598594
-347394049
-562013273
-149160003
530564390
-346074088
-742370992
711438347
-315247580
229161725
663426429
847789888
400271754
107120506
461956644
-681348403
335759662
174821403
-617859452
-299632157
591563985
-113373257
-135016923
852354214
602589738
-680185418
575392353
712765181
-828037621
-148132334
-493340975
-404823908
606644632
401914713
639999528
-192571803
870132292
-924544727
-296055568
-536676362
957575815
-646772065
-535867106
86203211
-853072419
-176437899
-618598391
-749528688
-159548958
-904946055
876352019
607742025
-639648599
-286654677
-642409833
265390434
-144424422
369374437
-250630125
-65434547
906849406
-660747489
-184317819
262353326
-440918442
-409613659
-109779119
931947717
713121873
815131030
331813532
211787415
942082543
449736193
45347395
-954558536
-347466667
590368502
824878435
386904847
744104971
908901911
27378785
913556354
178788123
307010329
-213357748
-852642002
-358240171
-71577962
-965800490
201942204
660098217
-185107193
-201157275
-118813174
142739374
-66275594
140240445
663055030
922390778
244782055
-111514581
-75706700
-161520517
702994416
641183764
61655233
-310868124
115036718
-684752400
-110874547
543421888
908011579
-49626797
-884188679
-517307425
-23326239
-115698103
77629513
-81783616
-71677096
210998936
119794266
411970598
845078381
-987461953
-696201485
299799236
-716700457
-650979914
175936529
468809046
-940691604
-312060171
-853748673
-470194666
-328673438
-939008546
77984479
-618313695
-12427524
887926647
743163017
-777389295
707873495
520441856
659419871
-810958603
802251755
281932012
-158405756
-880860459
939487220
-294960984
454035595
-259983757
387352639
88615115
-106159761
-222046583
370572075
54846897
-66603298
778075972
540794442
59625354
138192378
-621568169
867333047
-154716922
132298638
-686604707
819972599
-74199306
163669536
573870820
725787690
752950315
-800178217
-838986421
-599466058
493104218
493410287
-56244386
612030872
-402142788
358364791
-829482114
-170731395
-244383345
658534343
330775722
-202944619
423082799
669916142
-986451967
-395069851
-220768673
21017643
529727857
-766310916
-541312887
-970266597
-257449112
963094842
297221550
-187173692
-722975475
689929638
163920263
-435057039
348865310
-314649141
526483586
655982376
646501025
-467307698
775626725
-812308995
-395694746
166573861
-809035720
43796980
-499942170
-841184370
486866620
295561668
-734565654
-360397693
-869489867
65523881
2665324
204365469
-188402727
-864252626
-468252546
-399245731
64570101
461996136
469757245
606543867
-468146594
-318680766
-185116592
92089585
-591867168
-174565833
-802490066
-477096179
206844942
-849559887
-36123590
-964201448
530439644
-730187499
-29937459
363270829
274120859
-278946455
-791770030
-567285342
-987728758
-911228129
-992492702
-204098296
287084271
-220600647
-945313550
-43921542
-474049186
213173224
908832187
492718812
242442601
288620529
429347620
-137070114
-179083529
-452130384
-190396484
650433896
328290392
-856998425
-582018912
-137669821
-57764900
-395518365
976169036
699723199
-523519533
-889920438
577365756
640618925
-531182465
-702497237
-955937765
-147084914
634334315
-417596106
422971048
-469015692
70511750
-936575194
-292191554
-130785732
-295862591
-473054411
-28718145
-790625042
344726523
-265401540
570490134
-99255034
809747326
103257771
828114495
-742217995
938197993
-204776004
8044698
-161390729
855845606
297159030
-5344228
716401275
628585323
-619362307
-110548988
-815476995
918002648
-550969653
-219830878
-456294917
283827738
-866636940
554231103
918746188
-427722132
58085073
-361758825
-913991860
-645453782
-180154250
-832728325
839874219
-612908859
-438007319
823843731
-420860333
-822000173
768704874
-834893781
-536589658
-463788636
530652994
102314309
316682179
-928275240
959613313
138434281
-898180685
84051051
145400981
978596969
157555740
627013277
-479102292
-324825499
863871720
345357974
219863174
710859859
-572853950
-657801545
-844749065
-503600555
22500570
-44882390
-298258562
-300337654
-266990773
831765465
859926338
15520995
-102930711
-413631799
-190075440
-396789061
-184138154
342302544
540161423
735026405
-427825683
-703037516
260759061
86402658
263979108
-227809058
830641039
601341575
105863019
992518507
-888905025
412789508
-597927114
-172476954
-955842503
57028880
949949818
-323082699
-162736896
922827713
791672644
-488986754
-380483801
497927628
58066907
762829263
446063877
-757992174
895175890
-224560832
-777393070
-269778620
-566275172
190426968
-692307487
292258011
948889864
295512586
478537622
703963665
642074083
-222029761
839065975
-107024091
-639445330
-775908246
-492866268
892791972
-909309456
392267773
-190108157
337039504
-501771496
950441599
7528125
-936004685
-191738249
-815025434
63645423
307970419
-237558425
-922051398
311150749
-428667639
-54391682
-643991852
-131686370
-852347182
-834270340
-568800273
-995998970
-111435037
-302156816
-198808906
929481467
-744457962
-749626732
663955328
821585086
-30248705
-517947580
81986521
-474511587
954654781
-895804949
-292740746
816878892
-615588797
-328550851
-359960808
-828086470
-642619164
-795530308
-424201680
-338679401
-440013977
-205333380
-149740929
-198495594
210251356
559665519
189352408
-392901935
964354574
712608949
-459468498
556118498
220411510
-156110642
186802340
596972850
126623482
120434520
-312977087
616625144
-197162148
-24117253
-438269086
-200294488
-594711970
-32801330
643005229
86340595
292837345
-150581538
-979720055
552209866
-794704859
703811341
-756270611
-259499104
-545578814
621788361
694126753
-974952478
-399401692
-869822714
211242726
-756037880
948910737
-371765658
258813764
449508324
610594022
812403854
233200234
618084828
228298984
-860970097
915145668
192526211
-325128102
254741396
580142762
312298645
-665217685
262571837
-352333136
534474141
164280386
458739961
-956486628
-188651899
-92929857
-73646915
386053337
162925329
305332171
227464217
-880034202
742598514
851395032
-51914631
-430147144
75541934
820878730
642730020
-460997073
988166249
355547305
-135796748
751093490
699122582
-368547314
423466709
415873435
769297052
251710733
-870451076
940521831
-218355093
-887266551
-44040729
-151893777
686681679
495839190
-614181397
965698177
415571453
755490052
533309085
-258154687
-518093716
-18888203
-674758176
-420197092
848705324
-973453363
353433449
-952688721
-780662687
223503057
-142585550
985241947
-356509503
-713491666
-468093841
687865308
-663708509
-215264969
-208136100
62054152
-774291810
953472776
-203806623
-879736372
24998315
285792395
-897636618
-47034509
-454858396
549367321
787436135
666668219
79012521
985251189
-5060179
-997958634
941809434
968411030
313159345
129715075
-509057695
-351550901
-854492835
-326808351
-994298009
-185972191
-71155144
-623619406
-484709911
627120892
789670524
186386503
-569263734
-97486065
53933595
-259919393
-108660255
473850221
-361745610
545398681
163830642
-199274073
407805289
-501830503
-889295355
-371124914
-237607843
-489520665
814700805
120880536
414413150
-282459605
-14194628
-215007302
734770300
624210419
-393787869
295760772
527370388
-506257353
359544173
122211774
559586868
-337902469
-181193709
562010225
-692704662
674838545
-460896274
-982160470
-694638418
-265239281
-308503660
315667503
-761989895
-807147203
847847063
-968788428
-835096278
291425298
118395577
385417336
-669202228
-848631565
193269865
182049553
911535399
671605438
-473451754
975552318
815283308
310359175
257519114
993460243
109080172
-499022698
446832852
54231831
64080148
-751388763
-304371543
-524120547
-713398594
-162711912
-693011494
360229702
-548048724
689950397
124806556
-110329291
-462439469
339266050
-431346695
-874965918
-106217000
134876302
712393750
253722792
-480951617
-808310683
-620377424
-626001696
-648000972
118411881
792643950
-386031310
-697356840
219287035
-151530423
-272891002
539466725
294942672
-841780218
-352624406
331300132
271251862
745124436
35374621
-43304902
-759093680
337050026
762199466
560106289
553249649
-549344416
168560658
843974682
579627859
239851212
-314941313
-732665394
-872500574
166918276
-251093463
-2670111
-305043145
-60111026
887788288
-884248542
-949269836
-111139893
259410100
-673514171
-189594034
-663469445
-787987801
-608217053
28795677
613672018
-390507748
949913426
-984387171
-710336387
-804258698
-967626288
-840571184
840303217
-985923463
621449342
-605306723
421468994
-790277912
269769671
961042667
597442597
523249729
-164052234
-371104161
535194898
-130170713
-425419231
-554628555
-134330919
953797423
379435125
-980957437
-110963466
-844547788
952730170
393820801
-972467469
-670117065
-483361802
663734444
290939052
-890245183
-423517313
293477755
-108300197
885368287
-201780265
-55832111
-109604581
-14338701
-872923091
7293778
-344694521
148160136
264212387
-768111873
915958722
-605670620
-41350969
564596376
-202044227
-543241790
288574131
-807214434
709228922
654511885
-18280554
-260477287
75673753
-126048529
-465056912
-550015243
773117451
239053104
-5190235
-507428111
-300091742
7582763
483943583
783870254
640017866
909142046
387380444
-669084178
832913345
243548353
942449638
831560633
795057269
265793162
-459507500
786971089
-198749376
699650209
-83965629
54237697
-183300548
330546749
513131526
878601507
191374733
-908959379
-44825162
725662421
821367543
491414968
595221134
-992022412
-602005201
-483865349
-455566526
197416667
-284801007
-329203904
326983427
-984158524
355702265
-531562141
-33341409
-449480066
-891412687
248565442
852425775
428534889
499212062
226115930
316444697
-522392757
672092530
254996843
-416715695
291020991
252196283
-371180302
394938684
367205670
534089118
363819969
174553611
-492840732
-955673709
335178459
-630704901
-206357557
-18917359
678606866
654267187
-521114479
213949313
683850677
-511345694
727168547
-59487846
-310380972
-691869876
306578774
165188787
977742893
463344634
-654666475
204487046
-182441451
450692487
526533071
-796061279
-581087334
606707604
393230165
-89605078
-76451872
343046790
-799123855
-160230622
-667491811
618005893
508711591
-679975522
-829011002
939261570
794607489
423047310
-234442354
-557305026
364937781
-231191486
-684759318
-708412197
134346004
-808771443
834769927
449146952
554371789
584058070
-534189238
-420481399
-906125065
687296736
128273884
636489839
-771446033
299011198
515582902
413749562
-596589458
135814559
812202201
-404561717
115222435
937249754
-745729639
4909978
976384824
560623709
684046393
-818766291
-360401916
-807139732
308321661
-185771791
-435389732
-772622370
325948686
306848921
-742844725
-446497098
-711318125
-499790579
-85722374
-336877769
222343816
-609329579
-865108415
-45984242
613871271
-174821012
333617944
-814664715
-21666825
182759420
494732084
768042340
-842651531
-762398819
256069517
801430092
478040566
-483470008
-182352905
-86182570
53397926
-552829380
540761594
226479841
-340241999
-516384181
-925447705
-753053253
893806689
746559464
942951881
-770127132
-100812574
-149793524
-528301357
-701349146
-393087013
-573741679
309492774
-839383096
905963213
-845964980
-791726470
-718965149
401543878
-149801408
77443010
-197942828
-556748475
889496989
362685813
843696003
-931417250
-436162024
-839875061
-581937228
99924882
-215051359
52373391
442486834
-142283447
93560932
-384238947
938895003
-398409913
83308701
-623171498
143306239
-91351120
-629974772
38442135
-352780664
-120861567
-171297535
712860574
567600004
-368057608
-298098301
446204510
477930614
741703672
632540260
-990349211
561871166
672220884
-233694901
49702853
-956605188
-189335558
27363776
-964754539
-316565648
390412448
111169626
-628047389
-709003889
-836571788
-31068836
-9370510
730482490
126959548
-310329676
-787246155
858353226
239388875
418664974
-357997574
-491321458
380617648
-213964358
-382317309
173643611
-747828942
-989520067
853267398
849987598
-292376626
-856941160
645981631
181798343
938111942
-806981067
217676297
65734197
-661903563
793168350
-249098781
520621057
-926378298
780185808
89378678
700390600
-229851448
-791077151
-127836482
-190729136
-213551532
1520196
-475137862
-97152311
-636186883
-13754629
-56129964
768120583
-710208483
-219100008
-55014899
533248730
-988816015
755645354
502577809
793086341
-164416132
634327638
-88600559
4491853
-101701330
-653478330
-463397500
893421821
410749740
-378276545
-146225114
72156032
-693135937
154489122
375097314
-831712970
375683019
-881426525
-842177938
-756208929
-488986817
137803734
887463276
370987142
-337862663
311601339
348380442
-339760488
-821956927
92688651
-39817633
903121638
-968643712
-511720336
-146634119
812903958
431223216
-221712253
706607451
919885734
-77361245
-4045773
866097619
590292015
-910362567
845357777
389752229
753842724
759972510
-128412878
961342681
-962781704
-589104792
-551714779
287124160
-44676913
-13450049
941173229
-491814530
729729804
-79216150
37942143
-868935811
943954076
469285464
374322857
-125344472
634782835
953955885
-200924709
-298654394
780981167
745928684
321604021
-194344531
101050015
-589145669
-118310703
-693877884
-709160820
260271299
608934730
-996196301
-699224433
533325281
860873743
-756908627
-362986345
975588427
325410597
-969825787
133474300
-539335710
-704280849
378431958
-704919949
-144194393
-28893347
-210719598
122086595
204960813
790637190
-501639531
-595997678
-306715313
231192276
526201291
939907696
369955794
720338964
-170212548
93404921
-215674443
601617663
-252849875
-292021956
-53908651
-425250760
-585043473
978907295
-875713792
97684625
543711345
953963020
-366464087
-272488390
-273206193
876551938
919423180
433020228
14924480
746754065
505077608
-457065169
-676712152
5544311
805052532
-391255305
469327083
885908875
889075740
154198046
856087162
-485578469
-674360136
-940009887
62038442
784481952
41276135
991837221
427209531
-317745957
86839786
-565699338
-295545733
477833041
-856214509
-143545141
-628464904
-186626794
369703770
118809146
-484306118
-282274745
-121221010
-10659645
683350762
-18985784
-752846525
260035991
-458134633
-687137107
-177143581
-797071481
128209066
-724401938
222077521
-700937928
837789837
298438202
78998408
880561597
814482199
938687060
237268145
517901051
628607233
-306714950
-461626180
299586625
-323899806
19704335
870995803
-580476728
116562908
231243813
893021524
692509036
522934922
-641306307
-392297222
-126089019
-122945389
-760522700
260218966
-382339385
-625976959
432817847
651940717
-988524614
528909438
-9877009
376727152
-330523276
-206876324
177914431
-856358124
590335816
-734606166
387244237
-442727709
-318717868
132251827
907402416
216065753
358265256
-613643749
101180273
-167710174
-958910186
-109281816
-13155940
836834189
485600135
-134784031
872588706
-457703630
-49682262
621328845
705226487
761282861
-30331583
-447538801
621598382
-343166843
-815969685
-300668252
-297950218
-154647063
853777002
136957380
-983602677
-842312829
-353654932
186152555
884849706
-92406067
-669588224
-182652486
134928271
-665804686
-141702270
299456872
-583533978
67714871
332509065
366636384
62889105
493171531
-761894396
375890862
-603229681
182525713
-742223994
-296349884
914886803
-23492530
-765180930
-650802750
41299401
402370528
401061993
-251107410
-79939631
738347872
-46215851
144865117
-204463489
-19478281
273734610
-423808770
-885558543
-452814578
943947804
-54306066
-395359944
-885446038
-567955425
-31468978
115657090
-837208421
696689311
-359371555
-216546123
648216155
651698850
-943121526
-331649151
872759679
925430478
127899813
710277030
-989012307
-812832381
-561264292
980209691
-714485952
792914046
-417013569
-484498006
340574191
523741147
-612216132
694742254
647224712
-129385260
-415984740
721715213
112148530
-147915418
281104587
-77536203
991985881
787627972
-476842598
59474194
79304520
245708650
431861201
295251152
-772112363
-380494354
954399252
-937887439
-384976795
614356249
92577155
-844478144
713951831
60056044
-232606347
-928198821
972280431
-973521359
6174938
-324023706
-921489078
-696890687
-288512493
809674292
398239553
914104444
622638160
178234657
287765836
-789253904
69298581
528092104
107595371
-231668330
-529832055
-857990547
564006683
921708111
-890622258
962297575
-734445326
-427728172
969015130
-219384703
-488653332
204950652
-919816794
-765737150
-785873906
141338845
294351097
33433083
-776729761
615867424
-200385547
398316746
-741918096
-228129849
-840746301
-934550458
705317596
-913284204
-817326225
886912225
784566605
300574143
-951827815
693375667
-722987177
816245789
893074114
77544967
-328521637
-704517287
182188221
364866911
-935199341
548274724
-940178614
297572022
726862634
998796571
-446960372
964596730
-146741882
-628635460
-443221594
483238641
933400722
-653636784
653540272
-784890719
225507136
-681545042
522217039
-791960048
828593140
-407100596
-870906157
-818793705
933223107
-929590510
22352388
679917399
200590139
196777999
397937626
-419902594
589935629
-896841292
-591430466
74734138
-87432094
286816711
-909105382
137285571
549632782
196263459
-929893129
-388444290
-821707920
-292738308
548477225
-469683590
192500621
763931370
11422979
218936476
-643087102
648631191
52570047
-471198426
-548392047
188703663
650937696
-875418726
162824832
762602540
937873944
-512947924
633731711
-623304357
-912050313
-279619399
55444492
556834600
138463846
704709523
302948669
368294760
-120125652
-476169649
-814591944
251746308
-95171883
339030176
-824780486
228494081
835061410
70073192
751916160
54020911
-867141243
-129156179
-757385369
694137800
-653131322
-717906127
39160002
189779517
311095780
79086485
-616755052
-240744586
206549980
637674160
953702559
-681648557
-754165306
817498353
-924980161
233875183
-180458239
367621757
716724654
-483868547
-380721971
-541357544
-952918170
499770560
-555864091
-826780401
636174197
818010664
133962284
598664718
832171588
-179377895
-605941085
224157839
453400293
-387801388
-178124368
-626938822
432735397
-64983016
-910867888
-611408784
617579826
-155960376
860471386
-710902005
127037897
-497703614
380589438
-868137404
-893960205
-354484805
-671270315
580308444
15169430
283498001
-692149624
-741748974
725013132
-274478661
761882558
-345036738
968152608
-84301421
-824682617
772183368
946195722
110851182
-477159188
433655820
-611889268
291055043
192430538
-296607470
-19492483
216371931
-606645725
-295699270
337517619
-347694298
257461404
-300643896
-486393136
-305905282
-527593475
-330623625
-16089089
-206867747
-705383124
-293211728
217319872
-185131006
373823227
682737184
51698950
419435898
-863005398
-452270851
990106656
307826036
-465483502
118531911
186621800
-267682714
98638098
826786597
50281492
296214622
706244930
847898265
778419457
11918255
534302068
179191622
-402556939
-225433501
-471871587
8436973
206585143
-826803039
57308170
286448022
-147028983
661292123
407024243
-371602835
711825648
-430557413
-261414289
843581276
-879045836
768263730
-304432615
983645705
154996997
-927561259
-18482741
15997974
725493577
-838084961
373268649
-139769876
394939308
-584320059
365983441
-511617833
-296854526
970404681
104273888
-355966701
-764797578
-961974268
-650646573
-388936994
639199141
958886584
664248596
-374219473
-497505251
-870774654
639805227
-48984346
796017490
-879587178
320631419
-612414852
-208199645
320040842
100087054
-769144811
-408819911
785031832
-528416159
461901339
816927268
-454669179
23574751
-949269998
-43380551
-94963799
-35903717
-760633346
919006318
-844555423
-361019837
-770573660
138595008
411273992
-939053492
326405462
16157084
-222961387
440891554
-562337566
319111532
11858819
-207266137
741802082
778397393
-908897372
813794997
-281655849
-983676884
-575924853
-28306467
-168130549
-808856267
-801508282
359691527
-363084179
-125800366
-498126078
206635791
-256711129
62101510
-197510080
-883272769
-68739035
95035746
-214570218
79322523
93572436
236480301
73367860
313876321
713359961
-821307445
-492940589
44474054
-330618465
-82076524
-614202425
92824170
179049809
-546055725
-447805707
405509642
906517651
311868655
-194886030
-363984539
-56755191
97363690
446032092
-499371178
-474151923
277021536
-900132588
458331849
-503401466
-504500641
-919269142
364851722
663946673
-899330622
600127964
389290107
-616111663
954664417
318271602
592007502
-868187354
585952657
198024759
620379465
943636172
368054781
-409537965
-105107311
-267475545
-511680459
-958624715
27151790
439049684
-491556804
466862807
-676004197
-624496301
-290737633
892221413
-429856817
479587056
-136654227
42071714
-836734329
-989090133
-11726003
-333577367
-282756702
-224422749
-356813969
-974703660
788248480
-360817356
123860192
751461129
230210683
605198618
-509351528
27391934
-649179371
501636048
951354152
909628865
90972188
625739575
335446064
584088311
-561956837
-72490285
-343593426
881507834
-248863681
854125343
688710636
81828693
283395183
-418113725
321804555
503181171
798140664
34250284
863551437
-199208529
-269651727
-38849870
256313339
126828408
-706646924
-242412920
-424235960
-201554715
570054636
376348764
439965448
-511193416
-618050827
-816999858
-509185263
346070273
668798122
355902578
176403863
30731356
135759732
110098668
380669544
429055129
2035554
-696423778
832785228
677107292
-385631168
655498835
997582455
-84647863
-76248057
-579457256
-321672434
-367023007
-473519404
151709054
973980015
203867541
-955893117
-975571481
607903242
829964781
189258996
-887046318
584806412
175766443
576055796
-483021319
-472411681
-131642968
329772399
943864179
595052959
699984173
-182424507
-991037752
302038130
861056085
98353854
176093023
925431278
-697760796
997879494
459478348
-656318907
531926493
234615392
-433288168
56728067
-821285903
-72282639
235561205
260719193
771979062
794737350
957385795
91041888
142736107
686825628
698362892
-269274708
-96777878
-37622852
-622439353
-664464047
-617252911
-958249717
316334224
-663408719
884826452
-582265815
-373543364
494100744
-788236012
852539443
-844409396
-133923971
-414938222
-60787064
733069997
165892239
-145559753
424307954
-783348758
974314114
-612307030
-485151496
-651636101
-47652691
-507889875
-619799947
-242661847
466371726
941638958
532608394
15316840
929534714
-427134577
136708529
-824879258
-605579113
-174688915
-31330018
876104117
-953004707
-427677288
-183599960
-613817344
664837679
-406534799
-688233626
-863534004
118088580
431468430
766286320
357242644
-584354993
922004509
365748530
786914969
936077372
843394209
-661024693
-38190741
831668386
-145775865
959557403
-11063678
-595774902
-534948680
-58022024
503697657
-1259094
-639520260
241891132
593150319
-149831358
-213550523
550206106
-592836721
160272678
826557559
372492232
684827923
-886578812
-273975235
322341500
913340371
-106666566
299361655
455401786
-283288189
359408629
259395759
-690990486
120186934
135121908
322378566
-31064915
-861349636
-813710971
-541440983
410480047
-690221475
957379061
-342887633
-897800954
-95963812
-617630611
-314374013
993955779
955027156
839857610
-969321602
-281374174
648479982
-178594501
304260848
-58283445
-201183704
116849782
-293497832
426165233
-286712576
-621623117
-604809501
814800042
269710950
977970600
-631498014
177455533
-701587494
614263198
-699035834
-132184942
-359658751
