5000
-228769800
-975335832
-133808520
-558317784
-444682260
-510419332
258113287
14452126
636777690
167547963
-677336780
-739583828
-399631186
-732063
49422600
-720852784
-544553910
803837004
937901927
240721515
23809963
916144925
-834589304
-741755658
-436924239
-128894016
117126603
-284370804
120025919
-960957026
-313902048
-785154295
488980604
-418180363
374765639
-113573814
948981764
69417963
-40329570
73326883
-643260633
818278169
-831842084
-286085174
838731400
-413142851
506023875
-248782378
772445327
764479905
398808047
448559697
78983523
555089623
966699505
432249335
-678231723
516916721
-772853234
991921910
532509753
-267117800
-568897695
70344191
-456267030
213689256
-735813725
-274701318
163677755
-81666332
-547497134
-401659807
143783188
-557579983
-194436178
-383937678
-940353398
337973201
735844783
-323138476
822230813
80759018
453168739
-418584074
-932241234
-194144449
772376837
461212683
-408294917
119248653
-871534006
713435743
896509686
-166625069
922197586
616447018
-967772845
69275558
329336749
-933802308
-282783099
-890300552
-379336660
76227656
15621029
-795904307
930696807
-966647307
-458098560
-889955217
669270386
-806167573
695476014
-628087598
257492176
398010488
115702560
-175695812
-37719917
568383062
-507850051
-316245708
808071270
32182459
-741879163
-7343850
-954680232
486808863
-783461725
626846411
85336515
96606239
-810968651
773117231
429858529
-239034965
665146060
555600409
-344294992
-348053481
503238727
-60178112
669294971
-749761464
-367945904
-921910489
465483937
-17336350
874373690
574250434
661641312
-510036953
927432417
60240029
-236524894
-359915946
-193591359
11172855
26745519
-58910412
272574634
-684881853
-791324084
-188561452
148572699
100910080
-582065995
-99796568
-520158814
-209958044
-867113485
-127378159
391746542
-674084858
-411503571
98185022
-679954823
146342865
447041092
954497306
659854401
-732757400
-5409479
675904977
561475054
147566027
-663810145
147028213
630511839
742845999
692698968
-854413086
910715551
-593322316
550919336
-513506282
-404709067
458670199
952244053
164898885
-128608948
-514597556
389384001
395748360
-625532346
397647326
353894807
-659331028
-143835356
-534079026
-937415450
-204769508
389030554
-48875692
824430102
935420571
-416260703
333401815
-566759547
529367316
-585567190
607855842
187930810
-295176930
-352422329
318698459
-234936436
164416835
-931743548
-22230685
-16671322
452105381
-629696535
-112071282
809169334
-140617500
-420472311
933508718
-342293443
777382808
177263749
-85376228
-563937605
241232235
-700511850
-797889110
-140869806
-539006763
526251008
-857632790
743615485
-257085649
101451336
987977872
347652931
-726873505
255735057
934156202
-864954243
-427604816
-684920902
734247262
17789641
-268544616
669008041
368110753
447189834
288310592
-489130664
-582469998
-476031079
-35626383
815181581
748249704
-915030674
-983415187
169415148
332932097
541291209
190724611
-923764847
-45266708
-204292205
209632484
393878691
-280595015
775724804
-638745381
227454470
893697535
191132722
-771547862
-697233323
-508252587
859802902
-137186792
-11800681
813416714
-930213015
-194888956
890553128
27484495
-485481533
995147412
-434924640
23744686
-699088917
748066355
879698326
268874573
468354054
498078456
815882364
-387868959
312355590
373274268
-497962700
332105584
-799524468
603710652
-964301074
585638799
-403817936
-355947990
109824297
-22768060
461992098
-934110668
-726014877
-493775421
-867989593
-777659710
-290891378
-105177313
-35288196
465417778
827859490
890980344
-267980162
-576293772
146191678
-837943764
-832730775
169978794
834716117
642305679
-817585000
-735407985
301589319
-241624596
-266886243
96966055
867794554
42811925
-328202360
-256104625
116136098
-824380268
723002674
160587714
95627049
-660123456
-413570695
868605325
-675394718
-49191584
919289951
-484198291
858206503
-567437930
41743899
-695018744
-660114881
-846594261
-781214397
-856709041
-715714766
521185447
608123962
38197778
520332351
-387061879
39428700
381811293
-872606157
-261117302
-24611781
-601242163
-712360577
-315364139
110880276
65307235
159990343
458499918
530612339
90228755
-809436321
-921124560
-42119129
302565295
-354413842
-506448346
-723805206
941274723
666715817
280885697
-136871677
-716279107
816566108
790174096
-888734969
-485258206
-139298439
-494597266
627982981
198982830
-718764614
515733920
-709304823
-14410393
-441412751
-744618609
-753174044
-657144274
641114779
988331556
275718652
674342280
-88717291
-441501624
578264238
-947272349
730078375
-671608326
592497248
340248856
870573668
-984071634
-18275206
-957614633
-50037453
-785864084
897969245
83405200
917778724
-884715158
132622325
748780447
-946877508
-621248500
654096882
411619307
356712231
-843448851
-400500331
-522862342
992351321
-923241744
606522653
-741524830
-996100487
-300716140
748611347
-965117132
530671491
751443226
437494880
648527044
996964764
26366789
776445793
192605130
-202227556
942804509
-470876523
290079799
436676820
-567930823
712768836
-101081568
730293553
764527450
-85738753
-888841242
55548565
624929754
-851714781
-294572944
781263211
-333033792
-37762484
-898070584
224835788
206003262
-364360558
-434146259
462249287
892324043
-300819711
-186819952
676915272
-654393286
-756573483
-737388995
-945143110
-197704655
723418181
196483127
829720775
-610245422
702197485
-826788637
974526890
-976910349
-127049706
943645118
-640444678
25845182
285731875
-904577461
505676813
317370315
-103005760
-232263402
-993164765
746263577
-81113336
604973114
-662176066
-879737185
-913179719
-697192397
77331260
234411330
-548130519
-545600850
-770930163
-613274293
871665077
140767304
814321694
-418930399
-341115299
-563489333
112801798
-904443703
-932225235
-237412116
463267241
-161371759
476640735
-108675199
-916141085
53885619
422080270
-663544983
850005003
-918470561
-644512304
-252810773
-765194580
34646079
-362215659
218912051
-607731473
112061641
-429753026
617780482
187479320
536111858
-483975150
-538002708
-440175544
681801860
744462969
494978814
-881252090
927478791
-442725841
789743373
-351888065
583814480
100716990
928676498
-428086619
-150129050
97348007
296620585
243598156
176538018
-297189647
-505265259
-114974193
-429257793
478766078
642685978
-30605436
858325089
312982527
6244833
460256621
540284883
176774090
-425736701
502313180
91763246
-346401935
530272996
-644695092
638168729
-578114719
183583765
-654438021
563851369
-568345843
978504188
-951982373
290737859
-807612235
-104449777
-956083021
-378440187
217936211
-567841263
161311697
75247825
-485111406
-414903447
112516910
-223084791
296538087
-311075150
756772150
912620818
-111387462
584163703
-831481942
840748117
-239891469
294069040
660288323
-440942727
930870930
-74468766
-913954917
709538086
-291795162
527197859
-554632251
-541626903
558309941
-106290305
-194451415
-788072763
-154510060
354044916
194357156
906025769
-308825057
30061044
409567389
-889058326
189794261
260377447
-748746954
761757244
841177322
-190544182
-603950552
784392932
-35453940
675059731
-637949604
-549345305
757816665
-931845207
521262708
831623556
-152732932
159138040
777221940
210132212
207256112
825150000
24054569
-832957236
-620080762
880191995
448407156
195181788
943115127
61401922
279186725
-640047636
-511937071
607328323
677540745
620112533
-241730950
-127305328
696208231
258539906
537976166
-707450133
529654416
907949035
-426492883
-172516855
235204969
-431828911
415652986
-212937136
894646910
-225703625
-549902843
-102231145
-3237462
-421157028
-335536220
-976832782
7919547
-279620208
771999372
-54514951
625880789
763903012
-350974095
601921608
-32491840
-15365235
301288559
-966102857
864410749
-495209975
-2861505
-397336775
519060348
156565941
-634441941
-933171155
143011135
963189510
-315588841
940866744
711562120
782708932
-264827460
600572103
-267565516
539391002
369263808
903913250
-594775621
-588451379
902722083
815829869
111373181
815380785
-361083180
297517733
77489176
213943537
-508213031
-762715600
187787793
-483621468
510235167
781769142
96628108
-184820832
-795370565
853587129
-698767331
-126999367
421901096
-954847500
-498039715
136563029
445743656
895121340
-985007523
578503762
-200254123
-59621518
535139848
98985897
90269872
-477639703
-434156090
-499570476
465885093
448104531
-356110925
-100756794
-448277182
366295409
-74818259
447829396
-228410500
-3272515
-420007397
-973182526
464859117
-263508678
27788004
828837166
958182682
721496259
123966903
858620605
-340315386
-501974538
-237976581
-402577400
785436466
-115249990
-595711376
-400200595
64807675
257734405
325875786
-855960938
-80288011
715060116
258336792
184707809
417006927
973741704
94744524
597534839
937218098
-134502782
176301983
-799619092
-893137118
-883913943
-965233803
845012531
-344045124
-197230570
-4814623
-551341163
-686604777
-531424525
49352387
-291618499
538766550
-349180912
170543395
-877345168
693843748
663049732
873709700
349081576
-863282236
-571130953
-881203956
984390092
422917380
918136915
112795636
403525928
494834516
-763859026
-236871534
40490739
-228920120
68798370
788552299
613081686
522632492
-717392395
407812246
-844652941
-883311307
-618616927
-832824205
-876323479
-999142584
554024681
-225351801
404945424
-816155211
594650193
233665062
902515616
479683012
803204931
-718867485
-107260661
-404685019
-353668857
-939917227
-626698961
-134906851
-339439895
274583749
593334087
323827200
987616057
-335720579
545981333
466863091
611543951
-579326070
-388819654
793227834
-929885624
-100069435
-584586470
749870119
877031108
100949756
650433261
432304324
-776233910
-652955144
-385085984
883344662
817403208
993369635
288974374
947107581
-549924790
-851367485
-235446268
285607491
-641165402
-820682106
540161973
734558300
194569068
921807870
719474722
-535931526
-858976656
-653640697
-133468722
-171628375
-17286353
-147195533
-293684031
264498450
-590164233
366949898
99040278
-478111089
-631720685
-265204890
-71269017
-935364899
472626687
-494145297
-319421325
919735435
-246851045
-479779883
-647716368
755030821
681158644
857281278
15355886
645156761
509063834
606143069
916087515
261793564
544125541
751466305
727043347
86784454
-645213080
-814121911
-562777706
803738825
-178359828
-288397012
-69136036
561778533
-609491919
443877057
332413750
-631446831
-540763296
746778874
602774976
641304638
900131671
-152461590
15181075
95470580
550659234
671332451
309683231
-964689906
310390970
-886670465
-46603151
634255144
-981449259
-12814811
54728235
948337758
-4057385
908476039
218727317
162081956
-656642520
170635974
-481181677
187492539
409062960
36201325
-459976129
495877568
-470205078
331266998
-273189431
-532073466
-560942531
943134453
873599475
948275293
-774604319
-521234888
-88736393
956623015
-816699679
-106419911
849877578
994179954
-661393197
197020408
-197837403
-986671351
88413825
452006130
465303579
925297578
373773919
254274279
-571958605
-662921500
238431401
164907568
-656540086
-897963336
-324900332
-451126256
-503079061
-697927077
-395971105
16732149
-419618669
650544134
-591671439
612878748
436594846
-397641924
-729478778
-894057964
-776771064
700871849
-708132125
31667834
-115419832
-257555664
-543202743
822411762
412975297
901835700
122956607
530010649
-786804142
906108011
-426261800
789646371
694325349
600288118
524347159
-789909609
-203351197
932383689
-591282107
-78874345
459905755
484137218
-940451681
-637886716
515062698
-649306806
261168498
815629495
-797789381
794115544
-749910317
741463414
28448990
-5307976
641394067
-389978969
722541248
613200636
553639531
211036332
2650643
-34897870
-151369437
966826344
745196369
26341809
963658913
947181383
797858901
697059848
101616885
132160365
-909555147
132211657
-888845518
-649362586
917175437
626071655
-424642323
616222735
-603420859
485108773
-1819606
-620310418
-201211767
728295811
-615633242
592106125
17995383
-203216747
-968912509
952380053
-373174599
761281949
-64053928
-284951864
-830386355
638420620
-22764484
-799714440
952657722
-205135046
887153478
928679466
450212906
-326662670
133864480
997872237
-494404748
-63880646
967036184
-970596066
172148034
-353300600
736801729
-75964392
-78337474
676351416
-215085907
89268956
756203453
225074326
472114202
-491427768
-548134184
866384608
609507076
-745403022
944440305
-13264035
297038614
-529733156
390097997
-680253490
-776336330
-263246690
-279719329
-385742504
-196386107
-263696984
5997686
-842284363
-623045382
329824288
242374641
898666061
-550463932
-456618741
-734240845
-145885369
933223432
-63805943
-408615297
-761315651
-288570066
-290807023
681449632
-906838545
685030049
-177299150
-934958744
-759195440
443021479
-859418440
-482155032
-424993220
-367790283
-812033146
-994377458
225756558
721619191
-398463080
-609001004
-519194741
-21509556
-301887887
607059298
212709593
-663215652
-141584972
-311462071
504987841
-811626508
-370501560
-950743978
-919013569
-9784220
54184633
796874494
-694634425
290453059
685504371
-652503673
477533399
782037691
-606029806
-80660591
-800578322
330299408
-699129653
279696149
-142718397
501283471
679050129
-510521961
-110636172
724647691
-613997592
-719496641
62024572
-552056265
335442128
692475159
-953378716
-753183677
-318492901
658174008
246331558
787814296
252622927
517758816
483181226
-776816648
764751117
-788694102
859711543
-225674469
345200619
369993068
375623572
590278568
407700162
-634872881
775278910
656794835
538808824
-820985553
134686427
-650636237
-727880721
750785760
480462289
77779359
302650180
811021006
47033857
327234122
-562768140
498447072
-384915969
-523992655
502865376
303834893
-608128663
796209019
-87825003
971485667
380139455
701873905
-32148453
-522036667
-785436379
3617684
47408190
-529949258
-236643941
-487537111
-280054316
636095890
-201535528
238777680
491660091
-920069613
-749230080
431424529
-559230679
600270351
378285745
451569122
-356450886
-205734486
792041353
717164276
-391763341
-979649356
-457240867
939844015
-506082982
-446992195
-956462421
989349826
205563018
489089257
521268452
272906233
-728486755
991769205
388180024
-23293655
512136606
430017636
-512856341
668170203
627994876
69965002
799771286
-96152366
679628223
-841719679
74203203
487052901
121348191
797450451
216164328
-862451885
548363201
-615157660
468412772
-927926097
209823074
936651750
800542728
-738350690
-377888469
-777692941
-276579715
-796402871
-663433072
221438398
-843931870
66346735
506693231
-509793955
-603301146
-334262658
47323466
998221008
781482413
-284148117
146393883
-415062289
-276905625
-821459421
-197907200
-749286521
-843578943
-812802281
-500392855
-829851159
161280164
48502895
949181628
931528135
-507172539
-73754008
859790573
434829694
43502201
123650289
895132254
-110544176
834028014
597747322
84572614
368886024
-328869880
-703654520
899255790
746357569
-958846681
68650304
-304504467
187930930
-328882810
616424764
452313549
-827445294
322007051
716082444
89919559
400463269
338102490
-95074362
850373697
-707697146
369031961
960367065
403698221
756589424
999666780
467128513
-375901145
-264797374
-271052547
-460916000
175601980
-257866768
411032482
294504498
-105623022
661200758
121283086
178355524
-95906078
880702086
-106076443
495692070
-440950932
135351469
-967745556
720813397
817745113
-619646488
132392777
-245870660
-293428561
-374252074
-378938447
129801667
-847067034
-723419863
992974180
-452398070
-17128764
-237112147
728455183
461713329
483195194
-643187291
-688139379
-853808401
350207180
-632163294
299236803
621873034
-835278565
-700518485
773428781
435750195
896671669
447280003
-705427658
-731883430
-768862265
425331131
-721345874
942335722
-184719325
27712608
781822884
-107270044
-764903587
-274418980
-452286010
106476459
-999972279
231663451
-508549554
144174218
349359860
-641306097
87060869
-388739272
-406803116
-200976870
-554741474
176162285
436202813
323849888
379312772
967022123
325030309
-219665020
30207629
817010096
251338124
255110671
407922055
154159796
-367342196
483983594
531933406
72171482
930063186
522023569
739526827
912929494
-887848768
774653485
629955887
-974546659
321196919
-611620333
-779839063
91546909
876637620
-456693597
-826606166
249891888
-964271703
614336959
-314217876
-913106540
782403560
-533972756
-68987178
-122785990
516968687
-314281643
135055883
-389732756
155889222
-72001057
-274466340
792410037
-776870992
-380876301
43907619
943018413
-541358970
-558732180
-682653340
719047341
943498575
928357938
-549131368
-264518452
-594908865
876102099
954719412
166978175
-477828338
364321717
155634495
669429004
199237025
-686244789
435584318
-853968895
-54741838
98311059
65491345
-710904955
-408706011
-49405588
556211607
831143307
-716944009
-930333940
-854746651
261620078
741789262
-269994375
-202615111
-418926778
414102900
-297813234
-803928797
57130467
729358537
341847520
428685780
108802035
-763872542
-233292355
828253448
883997711
-605924510
-930891393
357089975
-570136661
432768824
580680081
-638925335
673385359
-423794611
-639479978
-675293576
798977982
992075834
-392760975
-978437656
-703193449
-904413789
134184761
75844927
884502262
-984675445
496685547
-34862800
-240174332
802574994
945973009
820811513
4945275
879202269
-615571343
11624880
449137453
-82637258
586230347
701616020
534011997
-319702235
286881731
8619240
-808689104
54235528
237292001
413640115
-751991670
-765660734
783595505
-160676248
125243892
-639178360
176721277
385693631
162360082
28576555
-869185933
-782126084
954004378
-338788160
781733201
-457354230
914030065
254605264
-176834276
-907242810
-465876185
283188409
-318230662
-436612049
-721617310
-713028358
349467036
-444742270
-104975475
-518529737
780681292
712480877
-801643953
781171556
970502483
-988774193
-622935967
-202301966
-244321114
311874536
12555350
-600280717
-73659124
-312355514
-302693190
-352728421
296573308
-717863956
-820435467
-807658189
-272801205
-557533528
-529763850
-795569487
-877536965
596972828
614906922
-461053870
487312679
767521557
859529749
-873910938
-353718170
-52541608
-593756437
15800566
-575861610
90994077
336144406
71025850
-719887750
-158748268
-247670214
229338692
537118918
-858014346
-226859423
318347740
-655034031
132854934
-671882060
-276530945
460340176
-954527684
144413334
-197339338
-620417093
-396043537
158905790
-98508301
460345219
595471226
-971203311
-943542816
318582508
-674218980
636283972
-226603854
938516857
650505749
-446053790
622859057
-442562187
148697950
720698040
-473715350
-52264051
-874239536
-750719639
910911242
746340846
768255391
-738208223
-735754560
320983736
-594587223
-556194096
362248247
295383858
929943400
328310908
209664056
-746207390
330448848
679568164
302655042
350215655
-646253688
558514137
-254558513
-184817222
-511016527
-258398055
59386356
589752990
450881291
364756757
461487737
217059249
-164501767
400976185
-970416282
49208829
-703209229
477679118
406972767
435878895
154585841
-757504535
-51358507
-699967353
636073476
-993891671
170840066
900169407
467433044
178334011
409147901
-777541045
-993640115
664186732
-540435255
185633932
-244497540
135619887
279500080
-486528922
16388372
400338560
311560362
225676291
-158881898
350180117
-893727820
-352769526
-584178527
589468275
-695297800
-309769371
-777427868
822531863
-765304690
-570848210
502417335
699131423
-457080021
-482400310
-572287317
176494434
-84103159
740136047
-876967058
-905354042
331665264
700913312
491340272
820897132
-545581136
-590905757
-407266872
364100280
351380153
944677020
34442097
381499749
494974886
869918126
-23814708
-853856135
931310669
688310291
-220693583
95614770
-35470516
143583084
-124455234
852942550
-333577371
243488577
-36729882
-153313057
209914733
434739097
975632287
682197079
-984489179
-845109569
-746562390
-510241654
-7315621
-339684709
-237727885
-597721064
348865078
23474686
-816058717
-424263111
475794950
-37100440
-224411107
822316638
-601317150
-975108262
927599300
-362178757
411690975
203479480
244020374
116500541
-531237176
62533040
-381715091
-927668979
307699665
462383986
367555035
84297713
37319377
439422403
-983698334
625937230
869312783
-554185180
-331558517
665521710
-509428808
287578283
-802225749
704146554
408428584
698760360
192083439
-54117194
888994556
-760024789
886449666
-939852706
257130141
940370957
926990634
882872679
-562440500
728386879
757105317
-625833573
400710754
984725464
-995254471
-148532169
630616352
465512329
891225028
-692702582
110771013
-730259112
736470743
-990691602
802174597
-142294123
-366255538
-26505533
-259427332
680475663
-169578168
-257531160
695546369
-39507603
856144718
-145484174
-244155262
74242184
-558332362
-340928763
-900642145
-349040217
974114476
-675995406
-448880657
-492091923
460369883
-538962469
445607859
708627202
452812160
444648306
-216718511
901808275
-273093526
778067233
420585117
574607095
663845977
84227712
-415904267
774894015
-715534658
787208388
-225750554
-458229266
719719143
280113513
150479392
-205938942
557956869
-128962132
-965381659
-416466613
609819964
-269417275
-587683903
323870392
-336989376
898949171
952838796
-25848472
-394491967
-473126583
-507571388
399933144
34014507
-824751949
385621426
72349316
-725780742
476409672
142279466
68371513
745006350
-558032934
-156604594
648475432
-521930045
467035491
-155289588
-691484415
376905558
-515526716
426603111
-241536794
917963969
-234135989
985655883
595665018
892938048
-553217388
211010044
-275454015
630386023
557977376
64485051
-177479619
-425260612
971315363
22670579
100339451
304394209
837888696
-41949509
-975355445
-783558827
33653994
364940273
-291846148
-478555731
165765850
-316175053
137213633
-209362690
296168919
-515659001
-317883475
83802502
-157230512
-635179823
-447908687
-68691939
118887879
-266086693
-612731294
175465117
172997699
18533405
-784752772
524300979
-575332626
-832577057
982416428
467110521
505094653
-790097773
981349776
-930603167
-380013950
960045216
68631246
747647073
764444272
-387225676
560872124
408417751
488497929
160870859
911795297
514649987
-662850829
-416695435
-557595414
618934690
-122507593
131670031
61913425
-857173103
-476112605
886410936
-810584988
119700832
-856269828
299054810
-851930782
677269633
-86285830
-546968182
348623586
-901692716
302631867
860596630
-283801501
-253327039
203321152
287624241
-793857863
860256418
-60774417
-627566660
841827444
-984432272
294429090
-634854050
228165710
-945705070
-909961103
-620894883
-572693140
566449287
242634313
-890904004
-488085999
460008756
286392234
629530424
456735499
368566237
644162464
249442852
-101170219
-662495898
-510163180
912615746
60992476
952811847
967613378
227125734
-180118626
693239178
299550960
186671595
-549647905
66437828
18879908
120986647
198833322
-76119638
818214230
-585001399
-651562586
-695998506
-212235546
-538767513
-989150922
-993731907
190979153
-362818748
-642311054
-77574205
-298206020
-455620497
-345909718
-454025399
918853964
-670126281
-365085472
495228862
-278880904
547841190
717290929
-301359884
110786579
-499885854
-43037644
267778714
462441076
682219332
912791351
319281331
36345524
205310412
897711579
232165060
-966805078
134456291
-309331804
-411513360
936787285
57293342
104178393
748985703
-258984206
417241828
172796799
236849164
181558325
839414888
-714438807
-306100361
844182327
69424836
-941908677
-517883265
-819342890
-552845963
-540717427
161468521
446165692
784381614
-859864555
321805113
-113015958
677737870
-507874245
954309932
756762294
-909255003
-964862521
-116496590
873191613
734825968
-609914033
497088332
-567576148
220702307
224275685
-167305500
-976959895
811452577
501636716
3994166
-750707874
-487819267
-62787204
-575248278
-464444189
-552727427
614779394
585098602
272742792
972850479
-349960102
376480161
-415125941
-763513700
778837090
105178969
-593268131
151128829
49681330
-705850519
-708362913
75493368
636667463
-132025992
202359940
637238797
-683830723
-337114384
-703829243
372161311
-258820356
344601384
598219730
-966373932
-820082365
-988908327
488432335
253868687
-367988999
-881833874
-115737896
330946935
-822714118
935452405
126900361
-475325428
-901717533
-845748401
124738321
55591964
671114250
222725040
184912088
-678899031
-513338645
-842458075
-402344680
585248293
431620787
-719474441
-341110728
-164909640
-925006261
-591684699
310320935
-380350010
-228422668
107999818
460601888
351141094
159694379
894386927
-407945615
988575171
-803756980
241217087
283703534
725247581
392375499
-178450065
-105667122
996490386
-984136654
-568435614
325173173
-24128630
210810056
-271454682
-488898550
-88695784
-13124260
-712187393
-596527665
946731086
-216581797
-86797210
405523998
-816726480
-574471061
-613360599
877331162
-301969050
298842650
741476086
-90821561
90929493
278704618
-323938774
-308943955
379304198
151161556
750449547
263253154
-352706092
252707242
907362761
-634066757
-426503487
-71590900
-210616309
626725174
554320156
-13388015
999249894
-923911138
-167086324
-427872414
-231327002
-904153368
322606464
462432459
-491900239
961569210
137531339
-520294944
-922220782
-631851082
8470858
264369434
-194078314
-787558592
-13692412
-899608060
-914762439
-436911127
-659647429
-666546330
419254422
-148899441
672381051
483133023
356368040
238918576
470482427
-763958535
720242249
-210902365
-4035871
288479822
204743889
626019541
-313861664
-944616771
878518922
15190914
706160795
-631902760
-880646826
-101099956
-899908117
-588738215
-201662503
3540780
985951075
-779948455
-267175932
187919667
666472256
-934833589
762331921
744087067
307269261
-55704772
-227257055
328635584
-976324553
176721965
665196705
151637053
389646936
-444290703
644866351
526982295
-326677243
84324021
214385990
515643927
-713441840
990009010
42351339
-153961563
398014802
452676031
692040122
-730513499
138214904
-649966408
-719405555
179222445
319249231
140511642
757798024
74862169
930642005
505617114
-491032916
598413554
693714419
867206226
424919774
35900456
-185239650
-881656381
-964046694
-665776699
-510806583
-79624890
531226485
401445417
99153312
-498040874
-368351656
863162121
-920463610
846983052
-15852650
-369342364
-785311344
320422589
236230980
587858156
409832355
383254561
-192488188
-841467114
-372371811
-871108356
-293862385
-260225900
831083685
-116572510
30316365
522036029
-281115868
415226523
516663628
680406114
427598462
-215411745
483110655
-716915268
-23920169
-280785748
827969122
-741611741
795597407
813621427
924957792
-383776084
-61358334
400980094
-244470886
-540306335
-92155713
129388058
-388341894
402803128
-592606654
25121712
-85397438
-610956048
274668604
-855855070
592965604
129145995
-125676381
743779335
-274282186
-279725259
268754148
713806749
-404146573
94034750
804078702
-219397212
609414517
66593522
70660058
-71259931
-824871190
434593036
946816097
-90482599
904449692
-657489814
-792201562
-6376676
962828319
-170542899
192730848
905733877
450177543
291908902
561586034
-267748120
-615773592
-230674755
-91586926
-340753421
-875183782
482192758
302716138
871741786
-452070962
196020235
-132771352
513422921
-746551109
948563808
-273564672
-770603552
-514200710
612634525
527010948
-527039324
854560478
28549200
-48004436
74443418
-831823835
-913986557
-386322410
21146723
-695434354
-857906969
607637372
-425715251
626379262
169903517
727808284
995657099
-69773114
-85314660
-138611983
428151214
-651325947
633805141
-67228289
-450230603
-269465891
819800172
769739928
-836799921
13649735
-104646343
-237190123
-617167750
28576711
801674487
595182409
-379877346
-898893198
893078304
-246615450
-465779459
151642859
-851345740
492514255
563976449
-226483709
755904138
557215788
-815125980
468298907
693571530
166573188
-186416274
23742805
-955188824
-970316797
98483992
8880660
923935187
510144421
-862203720
-203590559
775225337
-140559462
-966704435
597618962
-496770651
919113796
44171674
-381037222
926358563
972654314
276015474
622163630
342426302
-277316975
-148014363
378858180
-157235239
-479223162
710000375
-646354802
-993199078
447723669
642103081
-421027406
-708374979
-903080524
767894493
-420857584
894325600
-700761185
586754626
-206306565
792404899
120788708
-7817534
549015361
-572975686
475593799
374149425
-55199811
-703313827
-365133838
-767501853
337270731
684276294
-350847392
-859756354
948875744
677386475
696641929
828216428
-902236118
-157584460
-338646878
-677540001
519129032
639076623
428029515
-948198253
396462418
-171808976
706002528
458121265
-547320297
-189212057
-692699699
-194212834
-181335868
-605451620
491653183
-640619570
-771601905
314137777
223543814
-898187127
-506975788
538836569
-460858358
615298669
901724917
801176530
-432777551
-396439534
569792435
-801022939
76839293
-356763410
-599029560
-576315421
796622865
951139032
-785244417
510802503
-843073025
290022506
941699782
-861969879
-676072091
-153702497
-281872936
40458945
153189184
-641720560
68067791
185016643
-819852430
-804034783
959657899
-854803756
-94629841
-54933886
4967164
717201894
-617146096
-901519939
-317759754
140978122
-420547080
847973530
803735084
-415755447
-692554855
533666445
-817652564
183860202
158781820
-467479956
-987215895
-852363142
635317393
968311998
311321644
-330668092
632015148
412378311
492559926
829027626
-443066980
-149511826
-17359090
123030018
71883928
-288313624
-748365344
947739457
-221433106
-707562818
-452810649
86990617
585652214
-835179529
-179751921
453634721
-322674831
573977450
520795336
-230550769
576376873
-275012514
985189974
301226835
332596897
-260529553
541650395
-757486065
-392153510
623241582
-976645394
846637716
-593289579
614387316
98500922
410635574
-652879113
224689960
626564118
17346676
74924228
-316706641
241664963
770187318
472851398
-126159390
718996888
935039011
69495562
-825215253
-457906322
-381626535
-462525093
-40058958
-332455316
-734836688
78867959
253104360
-890561498
-23805001
-368619344
512557612
-139549373
-995058231
744809552
539130108
-383282419
-728328169
381432171
-619299333
681725990
-392324209
-116642845
232288028
554421022
-799651983
144513410
672449123
-168924795
-729816349
88174689
-389245128
-444574152
-986031788
461346461
-73666726
540684662
-509391454
315819581
407091701
188795129
-823533288
194775907
-527151738
905033450
-524262494
660155470
-331959880
-379247223
409464696
-594823556
-82155697
694250529
617280234
-941253959
399863959
-737803416
-704864281
-604635612
232678584
348991816
-865730783
-180739351
-540904384
-586722405
-81109166
-447698886
177718892
-681616397
-295850600
-742419985
-413412397
613103369
218927676
-968157621
670605689
946587884
-986002313
862412632
-91748894
943870784
445289726
-757270897
281638981
63081358
51489565
-492239347
-677668629
-703958564
-166488090
-239181806
-273874719
53612524
154389769
601614071
686243451
-743149098
652640899
697190870
-406137596
-254198339
869137884
-501660651
-462575005
314980793
-910083553
663700076
161921060
-816256129
101211451
586256620
765700699
305645386
-32152089
-290422911
-248996393
-619593111
471881029
-888852886
359484170
-386965425
269278299
-118643376
-944371838
246805300
-622583006
-622635994
654226848
-665610085
-446799131
292737128
-199752841
-367359439
-759232273
291949066
97299660
932095602
77344316
934087869
-849291000
-544892480
-283712067
94174474
-564619563
-859099533
-320492023
-334367164
-993013610
-178426464
-126993706
833736663
-414428917
478843683
190298330
-741120693
-80104328
998882607
312659257
313058862
959095881
-187287068
-932134157
-873674992
-724085257
318848888
-730051323
418991186
-975541522
258952954
983944073
39045944
-575509601
-280693322
-443371474
404354574
945758275
298149577
-36685911
-772691979
644309831
145272147
-740455492
-918220553
469211174
-760422947
121516545
-132767675
-651682969
759554101
-675759470
-326167649
687532496
659899654
-671585133
779544462
-704612280
17771974
-827452925
646319351
750242681
49286369
-280377394
-251971435
-274001950
860902152
-44459421
-994525342
926864369
715494789
807032798
-657325352
-440058177
16022098
919739157
-989233552
400202618
476478294
-747232409
263693102
-912473643
-805175594
-780116065
784399872
-831094307
-474657763
-947444274
-37050933
-884737290
-141780167
75792899
-657023203
309647451
-104046917
-453243171
-637256791
392171469
70800011
-239322727
564237257
1004668
141631385
162904668
-637497621
268939839
-54566694
-893661615
-851571463
-570472602
-798252480
-842964226
-374524510
654749650
-488950717
725059077
-210545095
-383214730
-280107931
-521487182
174892553
-446997068
-276953278
-131341535
-645644044
-246171203
-703724726
910513936
-27344636
863418808
833237492
-682668132
-216501508
556122236
993606469
-956828750
-479653151
-13481667
838823308
799352282
-308185869
885152845
-885235213
-243907535
988025959
-717722281
-876176615
687800737
607187582
-378653698
570588451
655571917
748273449
907732517
941195009
794647025
-985468250
244730931
994140266
152315620
-33994797
469407773
695328880
429138336
107602961
-526923089
90902872
-669742365
-225164664
-743021343
754736304
-625273257
916525522
-512848923
628400104
614270012
696731923
-630452280
-258250017
77490926
-746672103
290076639
750624250
417008725
-55901931
752023445
-118380870
873246785
-887326886
-746952563
-740618958
497478316
685601302
304869878
722871247
-737330399
740357236
368513818
-613510905
148709797
-9823042
277541091
-268358317
-739336951
-194486064
-888386319
-465099727
298307510
895831769
-555246303
914143607
-245425880
397504765
-489456262
498617802
-581580757
-534680155
520774604
64227123
580282267
380247096
162287276
868051796
-144987062
-876604563
-882608706
-131599921
-648452118
707589872
-855402012
-792142832
-799245895
-314573710
-181265788
-176812485
546483940
590990106
-751827543
580092528
-709700836
-243672982
560381906
-574654240
246058633
-571713268
-891261568
452863286
-729979512
206173692
-657273754
-922699835
-506866717
-356141376
-269918296
-11351590
298148746
616589812
771838103
-819615720
-371681850
-533314763
532470203
-220709383
-192546970
177859578
8560221
-948297111
-143964959
546179733
-122624085
607981072
353010617
833681645
571447330
161720976
184905914
74197955
-340793391
-907313833
516206427
715655854
-580749648
704411670
942471585
762008618
601029856
-448018361
336992960
959340572
-593960619
-640592799
606370907
-390166780
-852592574
441173108
519066814
-649217706
333980630
442347562
-254353582
993967678
-20043998
96578782
-686093180
612087446
855378427
-8380032
337165744
-599175933
-983152989
714762782
-794052070
267085860
788126521
525834123
-36273726
-218172629
-891997967
62210469
-371434682
946546216
129297519
-25326694
-140198683
-495177218
555216756
-968214985
-669272488
-584984596
-85781015
-857423260
857398288
316344288
377963576
240226872
551405735
-516653421
533085620
872849827
-897461867
846947723
-868177518
-125565220
117867430
676715658
-611694184
348403900
-967670369
-305461279
835498320
891379790
241470940
880056522
118465607
-931488657
-311259922
430072022
452599014
804880319
-744645486
-722494718
-224013744
-783388878
2717295
-467846681
-897036471
981499008
-779866480
106722940
-704322692
727960475
687497982
-450124258
-29053639
137769068
831931951
-268744069
888546681
-556306996
627803022
409442379
-445024159
384084553
183010755
-939000936
-870156095
-626801251
129322802
-483574549
-411472395
-385018668
-174022669
-46101016
81568853
-734863322
-849387813
135226642
-912480946
527160745
-408259159
-493056770
197683491
-926686809
651077783
91728046
939575496
-811706260
-225215156
684237992
881232453
544238977
-922563396
93950765
-806757206
-1839057
46957337
-918578331
195789301
-404760975
-969266486
695085699
-795181042
291120466
-819437877
335869973
966483976
-918329652
453112028
60976670
-70805878
-717782198
-358683778
118550147
812620266
850693370
-962985936
658567674
899461415
301159973
892586664
-340696728
-310883093
726578116
-755554804
-871599508
372083589
-281758620
-421518622
-496705255
666390581
233815248
-213216887
-581405060
668619707
203288540
356294732
961803254
-789612524
650306700
393644802
786010844
654609517
1058843
104273857
291717381
-999969859
17204951
-551790368
733143521
-2453820
836020068
735663658
-400352526
-499687244
-874665101
-411378360
902987985
817010646
-929213718
-262491106
-127385269
58694337
246745093
723419296
-805865347
858961640
-569649993
-37868961
-341463254
214730999
787948467
-762568694
-612352287
46328188
-815004431
-497549605
-472338097
-83509184
-416353112
782199242
-878572052
287278843
-271779630
999928709
109675509
-708624966
673930033
-674553113
977334127
247234896
519173212
586328709
279795689
980814553
-441263244
-659240772
763429526
-391519518
-198389527
576003398
-479397923
-447516040
770094927
954504682
454539800
843345672
671926485
408982563
203555895
968370178
-436241808
-538584934
508965888
-86249607
862780795
558840319
-139204166
290529966
-458220678
-794737935
385125940
973415481
-392611586
-718076132
175649762
-283975589
74572180
883068571
355012158
-196292913
99217763
-955297607
339572619
334602306
-159981419
-744178925
771772055
798939488
413617761
668835824
-128945562
-453693613
-652373171
658000915
731475980
-758166470
-348150785
708905072
473307220
-181352683
487236863
888981138
473211369
259192322
578802816
927160865
651410169
137346851
265452071
-633674782
991516948
-124674245
108789344
639643878
-858450950
396365852
974741060
87416639
-785677448
112238254
-21733268
767361823
231611365
640580544
-249402360
487713346
-177685863
-330042992
995504856
-174221073
570698865
-997263639
921420674
406000
581373665
-513578472
-627627106
318502245
-590531869
773443715
27453055
18033468
499999653
-723717257
-266628694
-83709502
685937808
547830857
-671160752
-150744378
164232257
-109335765
936833289
338177753
-220942317
883992650
-921044965
801251836
-249037768
557775877
605109184
-370533291
-243811251
443638008
-898092663
-802939402
-143815072
642816092
451653979
-305005083
-755557008
577968698
948554899
-809793791
-92678324
-110544865
288735445
-253453260
900759380
-64392060
279872006
568012887
18992701
395422399
554980967
-167927477
491425805
-827333274
-416921191
-241245853
716739366
399572845
410684716
231825073
-719431048
954605985
333786548
304514261
-445021381
-333923418
524109612
169067881
-232200733
-795398494
758568825
-525764119
-811184630
94388190
477415495
-959176691
-911408658
121278700
481327399
-333513264
213587185
130251162
146217163
316973352
838624526
-650591251
730264945
-21589292
-931905725
551622804
-168061897
-900555279
-269533767
-870833025
-5703757
473870283
-935546168
-321795343
829498165
993287866
194893407
441766991
677520469
279375916
-504444317
615773276
500273560
-520447454
-390792313
-257645668
-419134148
-669370308
-274356459
582605806
441297129
-774072479
213088493
896798086
668743973
-846738264
-713713553
103128535
-961791052
-275038741
-819260971
-210016277
323972483
423889405
-887340795
566689587
201345127
363766788
177995718
754613538
682881778
-424882727
-542840705
105399327
634645889
-487698436
-907534243
-501190800
-351095493
-5515023
-856322365
385949857
748231537
-121889869
591947846
370987351
886737955
275624573
798772256
-673856205
759603416
-899279237
390848227
879134386
718120567
985051786
116025175
97741251
-712748058
-51361760
430613203
520680126
-869103523
-634438652
-588071972
703708794
-981550469
-782827068
232959838
-855683553
-609476434
-469548069
-603312943
-866568983
691933181
-934853338
694585683
478716769
583680496
-620127061
842326040
-806733140
-875279427
-77995730
376607904
467436189
-68818149
-407612163
81243825
-198015008
-567649645
-287926247
577387028
-468628793
799728856
-562439743
305828490
-714347313
164826911
457417840
171947588
499118448
-96309336
-584062463
116762699
-244984318
-214087371
-56005220
875498346
-919416866
-932920629
197003982
577340191
365617164
-849952721
-735240864
728774010
239063059
-587080000
367313516
-413516656
305182727
-106208650
-681860024
90218486
730502274
-954599328
352454395
-63209521
-272544565
970549153
338114182
331071629
587639357
378382396
499684288
-441522292
-986746090
-688587181
-345018529
-751997367
-609353923
308607705
794908058
108253587
805779618
-172599631
-94750525
-66407630
-964706670
-913604942
243375382
917718497
420780823
697481233
-74663662
634390151
-837061368
2018201
876186520
-52093285
-533522573
-255050867
298582423
-493373199
776659784
-817220750
-290061784
632335479
-39393854
-112970541
-193606799
163978169
-935990461
-318709213
601395538
612479684
-906290576
-901071396
368032891
635197456
-190695745
387260396
907435047
49353919
-911577233
941497427
854182755
276243462
676129031
389480232
-989470215
812769970
807876966
-842321379
-159068338
750007666
464510738
-424007843
-540402502
-848637999
439871648
-193998967
-207306837
-14514075
859858750
336636877
542568302
-842954271
716535297
-961869196
-541847396
-613558797
-39049869
-397126234
74495336
-168330908
-950854864
667035404
445518787
-427860689
-479521696
-736307002
898023758
-428270180
598882094
942003647
425492686
-479470667
-220827464
30918198
179333564
305748190
-360253736
82877668
-468611922
-822715175
567659826
-904981947
-215268655
788649798
-48019865
320626153
-548324419
294492256
616179623
552550490
-743821245
-426814273
617918347
-913236769
322536712
-839838825
914398512
-118666131
138813460
-998179190
-198791862
944257073
897939675
850342911
801089893
933317018
-718962623
720186335
-449369618
-4096405
25592215
285243876
-511303173
-562896382
493086971
359889270
-65100588
-363138046
-586633465
516911724
-361897070
-147643363
-365791911
-773354712
229151275
746003677
919201478
-807637408
107664532
642908158
135415493
-9911358
139461001
-3077798
607872142
213222344
293888305
-9511808
742041475
-473829597
756078643
628500036
-445851982
465149114
920163431
-901342058
149907242
152723837
-370835241
-454720399
230654461
-663803908
703833757
-32533841
930343652
-555325307
-457155904
-312003734
538374192
333558918
-718011036
379756292
-365959307
-525390536
78611982
967295452
775023636
-793755777
-919707615
-303320603
431880698
862425604
-113159184
401471057
-191926750
-975114470
673556802
-520079931
-870663559
480640324
580565596
-714349387
789647560
491424028
862047717
-129841898
-470749224
-476468094
-142019546
-102071757
-396647609
-244313356
877200579
441455552
-217338300
-186912195
-921170337
364883283
-549370600
-586376437
-957906475
797476660
-829969388
580340538
-601535255
144856183
149443239
242522840
864301175
804528795
741830882
-104453990
376639570
-623506289
-386810259
-860967742
-756486115
-225615006
485157824
586084294
-415543728
-843088245
838198241
729323596
560556983
441178348
-832187682
847169241
-788985561
-454325263
288223550
208487149
-743500360
-534477931
-350267662
-626963215
-516407433
816778485
863860557
-634462897
370590868
946092338
-715587972
652863431
853248791
826000190
276273464
635472722
245144175
452471537
-661255694
605461746
555867569
-668275869
-697937372
-955546392
-41740649
441995373
-812910994
915356578
911341982
339337968
377131500
-464494572
-919140938
724753415
430718762
-664942725
45450226
-522909710
893999720
105270711
-731010931
-423011426
-658132179
-377388523
458066669
-525205850
-737576801
-231989484
207164102
865711881
-636371777
-139832027
-744361279
475498705
659796764
897489003
511178491
197183930
886908768
849337191
49465027
-64023397
850704005
68845858
394157276
-213257201
501281278
-330086572
222166750
-268369863
482625270
979461571
-90962721
-436103234
-484653374
-873340306
527026952
418987702
484570053
-700498234
159158149
-795941869
781371188
-824245186
-912171636
805838726
555821077
273907988
225552581
203934590
-600219717
-481147152
745996658
-262771179
179918528
-495643712
492295984
-585333218
835796091
-17699914
499962562
613892771
902965074
-423482551
928576559
-844524273
154453850
-691252348
516859784
864048020
-599870860
519272391
5808687
375581723
975562489
-897061410
-126159074
-426825463
-957019155
129186986
789227988
848691769
-703252017
-290994965
104574269
709575662
-170830712
-719180267
-127807788
711832952
138961783
-566440160
-369675122
-313550166
915843596
566931617
717607095
862215598
440543258
-766028811
333164200
-7012845
924824314
-261067698
681409524
874372976
594580916
475768126
948699512
422968627
454695373
-961230843
-4461488
357407913
-770229719
-943105406
-781122396
-639937820
-218901632
-666245014
575508854
-746370836
5783477
415688676
-396132107
444747942
-152862940
734931196
790808156
414383450
502719404
-978355176
134942440
511941535
17816962
103705117
-472224420
-743593223
-839953382
268714642
922381726
240679383
-708774607
831187535
-490321074
-997056209
-58483373
-510143588
-422369225
-844362558
151664098
-939977037
767874682
260198546
798672947
-184928221
671452164
653072492
122375025
383201097
872277729
795667604
-357371284
766389885
-473844226
-677298353
-225061875
-552390718
-811139628
-296205947
-146880662
266898040
-18980670
88638451
79151040
326695039
568447537
-809675361
603359533
506074818
50409581
-392784753
581344633
807803979
349433731
261659133
878345726
-655150119
720208902
-834288019
-477808402
-229716915
679440036
-380351435
283668582
741364622
991658904
-236444127
-202523140
-681499863
380998734
-788428227
-216131659
-401955376
503269092
47172265
356962517
646027827
377640198
11888262
502262589
950846907
-297601099
802217051
-713097718
341698900
480595882
-813272365
-114667401
958336654
-781602995
-982829490
-346623060
-455407608
-32588293
-838476982
-437973699
793256718
-514519513
-518282236
719404119
-633837371
-155020800
974193296
167621625
388543406
499048953
-642156090
319305141
683766411
642407753
-711333677
-735206612
-920276641
521857314
-839310517
639235512
-772624019
961817226
698377623
-149095932
178572668
22850063
-687024565
104723397
386538859
-799829228
-455778523
-767901194
339781090
-81465409
262374468
-956117052
400983129
312487981
-110572424
745761263
-594754647
751579602
779766730
-826982269
-922925490
-22861370
-179741496
374582
979967844
-793680540
-560287594
-106621952
-410289222
688060552
355414456
459474743
324676305
-910353364
341140547
-451646386
8679322
119232128
445147763
830875144
427157024
-992836267
360691360
957227231
-605327210
889134027
212131498
-600411016
-306956224
337081161
239861244
-243499177
-738527734
310344645
-923260755
23903252
849727550
-395552815
446647017
380017538
-80658979
69759819
-319338469
-340242492
-972574445
-755686845
-457104110
331554265
-509167885
147700167
-250682022
203871705
489083104
-708857546
419521298
889286867
683404132
-227926464
446971716
-377817202
693711734
119942967
234584304
-980030249
67564466
320261291
-591375586
-320653640
-933818212
311017025
609040767
750472052
536351429
-121559942
809638447
64912337
-4811119
352233336
-777428614
840618107
-662053611
-540936304
-579055570
328572924
-367759250
-944138422
-629432070
31958206
702711741
-619487294
-810590042
862317139
-686992660
-473668044
-238787529
-770999117
-506947779
-27164733
-620707186
645748835
886286732
467812219
-151115686
930567495
770116983
-493983287
-321741817
-677651266
-966789812
-293639442
555468646
-865779191
227212477
227144933
696490093
466912361
936440219
952074959
106995552
-872539269
168169653
-957468395
411218126
-986383213
-890937352
-346332321
739290133
-350646591
-248279345
-609839991
416521993
218930819
51823495
-409461707
-41659849
-963325221
991558373
963871935
-688057063
652748307
-922596576
427309981
-620582395
-578719774
-555078142
-30802303
898645430
922663194
248367798
-371487756
735649117
961994856
-748903524
774823397
-691941366
755114602
-881646531
423664598
-861524115
80368662
-447462140
615645740
-71616935
-441217516
-575635637
932004324
-427608072
-838246434
6586350
-526135444
-802932192
-529249057
-129159795
-165867850
-819007942
-304298714
291697599
-677041617
385868020
602888905
881874944
-368341981
-222670317
959583126
549414769
-547301340
638985496
-440282960
922456114
-634163326
-238438349
875260426
-344108100
-444382522
95283471
-195689429
-864167041
626481078
474974170
137891148
331412242
-440391517
820469025
-626017389
895040700
666616479
181316975
594596787
-432640166
-403044301
-594393946
384925675
-191952732
-504939492
788072395
-423594054
178946270
-683335139
387245266
-977487898
-855253443
308154936
-872438117
-376873906
-154642560
-414284518
304977017
490511935
998035960
881998951
203257770
-457680083
306617569
-475940654
-188682134
-632856278
-88195046
750134309
427290170
559985710
-329705682
-617045283
-975110607
509391875
-879241001
-842957276
646938017
-148140188
-265479016
810298072
48380042
-304082
-311708994
-708547398
-326791415
642649695
646082540
30299844
342255526
958395075
-144042449
-462448184
734288303
-874886130
182279292
-629026435
633126233
319338219
-845213558
-881127623
-174514515
389801925
-431148590
234019799
772585952
-201213396
488081867
-783279006
365502288
-196965806
-216135247
-203386691
-332790271
796905547
639551612
-746721496
-810893472
-871176947
781712204
968609289
444352426
-50995182
639767479
588296494
-797432578
-840410515
117440703
143224231
-658724960
696555727
-439158315
-733875559
198613272
-245576883
-803085544
-698894670
-658536067
906811279
938565244
-550692514
-633005204
-611361552
-469310169
267185575
-747340545
-881687294
921204478
-808433244
-303950906
-466543202
-97432936
-925167491
-766475363
-565951059
73707950
725133716
492955940
-539142125
-846689182
849861045
-75015231
-737050157
156023539
-344783122
52257065
614887078
836237332
-335602854
-494133634
561742377
325131322
-948199194
756604183
92586854
-100587342
-843278540
-117309967
454212779
-281179318
-908169439
331789024
891186723
-178099560
-17998156
877304195
-243101312
-673469594
68538419
70790651
-702947067
-362963104
698232234
948423527
504629104
-249818951
-28502129
471125791
-270482440
766964732
-542450646
-744394072
809264411
319181850
-501018603
-563763819
195969900
789907754
-447760400
-995224040
522611422
-630967902
181553834
-249792554
-357916014
824592930
-822143225
139827391
-358365606
-496520176
373626412
-842510371
879872751
-812116101
241712107
-737147697
273895392
-860395014
609756863
-268153480
-791346940
995037581
297384271
-606595072
-757598055
-137148293
-374143770
-61135009
527315582
-554913509
-181207282
4271829
-170603513
-323402811
-922360870
913378067
-900438024
-749563501
-416826779
-165579706
427452448
-479053569
87293989
-1322003
577609656
816368387
255235495
494542076
-764321698
224903933
346975430
-299499162
-212283771
752571677
-845987865
-476848565
511142444
811514978
-342755359
-654857639
925879106
81518783
-789369636
-735126681
179051806
25289798
-70302288
470342489
-730866797
368694210
-848998195
32000016
-876637603
-888051406
350994938
283554469
761751831
-783743356
-112579703
855651357
197071770
711128883
949099947
742641374
-512231004
959937105
228620138
695172357
-507057065
-641185158
-781995879
-150299257
-28389552
-375695034
977060444
554471553
886540014
-398439180
654487362
672549313
606724555
686866445
2030171
-583882417
422550114
-898399190
-676393113
402460500
-237393591
774405671
102737955
-696852280
504824995
178308012
-895083500
-798297605
-928949254
-653472078
-533171719
424025236
32699734
552043718
841841036
110997552
-508418063
-348545277
946859617
757489452
903264825
-328418089
-792646883
390982919
303616142
-938941595
-318676631
-78043458
-507403266
143913669
261324513
-951490999
-94632377
-507014735
-895489351
776491709
479916421
-366902254
877131350
-993386874
-506225680
-492867351
732136760
569375790
-682188338
-309683582
-545465393
685559987
393925930
573985917
521214776
21264157
-455097618
796483286
-570126042
-341938370
785944620
729188959
-616526796
-794256648
246503694
428711099
-420944893
-561927956
434638428
407841234
241053397
-936808154
-889626500
-878525807
330357346
-335863769
290853640
-384749844
-167736349
509908729
-592440445
-498668501
-907826219
-17818725
599010001
255328485
-741966293
-274916787
-661128349
-507108243
-549831520
835068899
-216496373
-348995883
-763837676
-316217600
727849642
971542257
732258991
-407771954
945183540
-380204907
-562184094
-261493237
-662340214
-166359660
-774430471
-731741611
264465402
525294099
337466506
614360342
238894958
-59933100
-763904281
843479101
115333146
103224163
685550275
-943924192
74003238
-499111103
-150109389
548420693
269420064
844492144
510514680
340351203
322531047
890693828
248349532
-671942072
876146613
812006216
65895365
168529035
391563795
