6000
-449934830
455854654
750876131
124289913
-451991189
178060520
-647928509
381584415
-85423668
-743695675
-186565723
-354978625
-582059082
209302739
614110955
638461134
293846948
-453712338
-677960324
-230949841
487942172
-584124188
532459447
-718913715
38259711
-995080873
-761514431
749280513
-994900311
456530859
-430276385
404413558
-310103863
192857909
-140982479
-619552844
30429473
404833159
-614185962
681090491
-790986878
822964483
783192687
-156989570
-497165775
-833874521
-216556575
-689933060
-464061605
62059155
231183119
766720352
385827687
-891352502
287447262
-560322482
333922979
-683124011
-761669260
-763832600
345019092
-592931226
-804764052
61395680
-407110140
-789762597
9181305
-450433433
350761342
133249746
838033182
294309501
-538861955
-881435129
-590817789
-774200430
-335213313
-185240670
-990112967
-788396320
-822094027
165471143
195775404
-597290535
20583465
806339146
421682472
-55584498
750007016
97932419
-778026201
-483787168
-477278455
175263097
229009026
-991445345
158018871
360975150
483096523
737072102
567800318
-692103096
206788955
-534720629
345143552
118445600
-722533405
-72453636
-99408185
801693034
907610018
-217245633
-112346075
897916506
-190348416
95548952
723375383
48971209
-295746146
-106852194
142516247
399098914
596193674
90625874
-251772197
-538814166
-164522330
211365895
-592321611
-901150358
-376151560
855406202
357664409
169192359
-945665474
-532613114
269313654
-229727974
-303482335
-950216767
-37276653
353860793
839182860
-40097629
-414443154
-340144689
862324387
662179248
131512827
189091807
-162644278
285376315
-236877157
-254283784
249707040
548228692
-461195016
700208364
-173129558
426106214
-574260754
926750403
-729055509
-324940110
-335487643
777571087
-7482730
385827340
-820953193
-86298798
944246538
282871230
504450949
295769922
829872353
-4479348
-584076125
-809978907
199873397
969239273
-250151422
726676348
-967930503
909749455
-584198948
347511795
549874510
-562119808
-679655008
-95490839
588696349
706918886
-455567038
-688517172
-481043756
63851620
-447402960
-819479235
644403030
-492480168
-692267564
-52752437
-27134712
-88778481
-653490352
-645101775
-952322696
-226802291
-849404243
905149601
-797516200
821312550
-249750928
-387709859
322300647
675916651
-159574115
-980145650
645718542
175718941
-281390657
314000890
-599398212
225606170
-156787147
806258770
-537683903
-933395931
-415854562
601875788
271374411
216747189
-929885513
73499560
-868907531
774659007
813853872
770481544
878108012
75942826
-446728086
144125289
324768352
42514075
102247831
-723189012
659373742
-529521207
439011529
-572709171
187988605
714569396
-755267936
583028806
-685323132
835200201
-949191959
-898784508
474718005
-86942584
540892644
-277881174
-432370782
321759992
227849982
-696120563
335548280
797472984
-466626946
143208783
-834535977
-103440548
-73829471
-689673673
16234820
115257961
-44464008
139866471
382170057
-545918723
45056283
-180771929
-500035479
841100735
-215096127
667604839
259582399
960490513
245286616
-562921619
-568960193
-788453709
436232261
-695686662
748609407
-771739611
-129374644
859552288
-684615981
837268459
370573501
-799843762
468756841
-155823518
-53945172
-916748163
-703484123
284076958
536615737
-818024717
265722357
385100357
-174003953
211668311
318710124
-842167593
-179499566
378162374
-585969951
163517015
-744479166
613786017
109142112
907834475
-46816107
-519869909
609270451
-134188368
670603881
638401683
247077127
-456233022
785854554
845486989
416328159
487744220
858511884
-338107335
-135832020
313466596
-74001979
113829777
836132671
-351054378
-155450542
23586534
-628034776
375992489
-603435076
-983132341
469028711
-284337271
131396374
144201541
-954661338
-820593129
-967088117
-754813418
-753959804
852383497
-493413453
-492228131
-674975803
424587975
-290716038
-929555414
680192473
-842891746
-691156180
527419434
402593211
66911450
-54648567
-178613714
193754514
626735586
-336252525
-144464126
-464842449
-876684346
319830379
765522429
-7937190
-698235538
-19330079
-738783373
725610722
-657185825
18223494
-894889001
-469652500
17465149
308943601
877814061
-452406840
-14175305
-543632762
755245429
-57633389
-365950626
-398842673
-592704097
-318208913
539657683
639219980
-696039704
860845010
-753584253
656450140
-218695276
855406609
184638282
624301857
954546444
302916262
-6269827
-950583053
123189498
1160096
240039199
-767721518
666274765
-559987031
-662369053
-989548238
-415742479
111834368
136764667
-355348205
-898142062
-368254198
-204684688
-70439273
834640355
-971197495
-399452611
-193765195
-191551132
-124142685
765169508
622575727
872631339
278117005
119237684
-287957364
588437998
-749280206
-567551889
-134340875
-46865676
206178891
-798291878
-366130398
883976464
-20220826
187324687
433727262
-403766052
613653082
-934966862
-95693171
794068889
287838324
-835392368
874678534
258678982
532823358
274476879
890767579
-903114340
279365936
445670958
878130733
855514095
674338947
-532979200
-719468389
-431507005
-780365934
-955940117
-471456861
14357273
892699946
-726422623
-844206815
-231969342
-880063210
847023462
-729341115
461294334
-381868353
-683763697
614503048
763595758
-931647737
-413465193
311765433
538743181
-684911045
75289272
576511319
651060324
-220792325
927702092
785086985
-158958086
-907236916
730486978
-980779009
-23731286
358542208
-108771302
571143808
550294182
-427320391
-947056599
892325569
511022408
-582633050
491999808
686079373
-231514845
683165454
-168829337
726893993
-267054642
-938149305
-733804881
-327090870
904347017
-321338692
408269482
433322311
-846253034
-238991617
-320427527
106052756
308601942
196995449
-796827417
-324403957
-408756691
241144283
542703107
-206614408
668744184
856666082
683253994
-755702764
-680672768
-924098605
-53490905
307171495
632951911
845384538
608819754
-233906214
-767156746
659930549
33233423
-368063870
173247417
528375080
811769283
707849003
214811536
-589392049
-789820148
-375075310
-529461699
-65171379
601752558
-960938225
752119307
40892743
912244747
-791623192
-843470594
-665688662
143964589
-601450489
-549900341
75387550
652415630
70509435
467921794
-47007181
744751367
-123496464
377179778
-157525918
105078576
545160663
21486218
-137557024
337152738
502753050
289362942
-97326178
850789902
471348875
747690438
-714628639
-554657083
-768198211
143611119
101201129
-763896709
433773822
-35446459
-138499070
273036579
-713327853
527564338
-625457762
368424666
212630477
-379160115
-773415183
712482897
-71448244
994850866
19528529
62030951
283251870
-415619018
-293911418
836285457
-195007714
-794965532
317628453
-742747618
658012063
-670351115
822783029
355193719
-205201727
-15183483
-454685965
432778349
542882802
-340534713
293511768
-150134217
631461370
-983507013
151109309
624798186
-90707939
199034653
-929557667
863781562
686475917
-212729292
380650201
191019793
407677635
195601046
-280528603
266451985
-839549863
448052877
-60626902
-327308538
-497395812
-769283807
-588564058
-564039881
42595431
269221268
-86139629
561815470
692581991
883979214
-91245618
-745683175
803486849
405382666
631257755
127304820
-853404828
717312835
-935324939
429878982
-108981293
887214903
637632594
-144261940
507681010
733830604
-280849353
-556283149
838113888
168944667
153212113
-902884156
305323017
-478450846
708008828
-472845259
11965841
943442676
-475158435
-994576864
208806203
-335333296
-151567863
532579229
-936633068
245583490
-619314529
954373673
-327850241
-356611223
650035821
614986397
-455294617
-319086745
-515071974
-172617459
327940056
-648246573
950632333
993279844
978492946
-158090170
441924030
925145163
501858315
-477411518
-824656113
-630762624
-555655665
-914606984
-289920140
-247845250
9609398
-996513005
305509677
54924803
48072861
-719920677
926460168
740892270
187163420
-420841064
155685561
796318406
363856222
847155314
-530257901
125082035
16379259
291970229
401255084
123179384
4095813
82124172
66862151
-704274241
861978229
-995917569
-943403639
-233709481
476134624
349835320
968057249
373596098
395405657
-761767438
67274351
-512156566
-726843
12043978
537784561
935059578
563630294
872417780
-805208691
67623801
-786386429
-697543149
426257024
-107138749
810589234
768208287
-513691209
-823428670
157535598
-998178432
-280064850
107120471
735385294
-355975895
898181585
722030801
-469340887
499573293
-820429205
-697035035
466311200
-21353751
704406414
549322616
909123938
827415513
715999526
510634199
917798207
-52469784
799403359
-433343824
-838625315
-401886261
799861678
-553688658
925697948
696480197
-638619300
-803513946
-954184830
158673557
-772716058
-33879916
-473107491
368863134
46789214
378199470
469061761
-563968296
932435935
719430450
-715197080
-663867798
-959002514
-847900241
973703938
-750653684
805271149
634563338
-632203130
441705336
-882332184
-297714147
-937580754
506147505
-202299047
-976476950
-647599619
400541734
-649674634
169149447
985675914
649909187
-146514645
-717471144
849414649
47145076
-98149526
299311707
-391434652
-286233204
-953171599
-757938104
-635290494
-367195180
954525336
-62807813
-700521676
479997035
-300678515
453802762
305799604
-929736681
34394535
50997137
-577059340
-257851301
870551883
225936996
-66991724
571620499
877955798
5057855
-792335666
-435786072
455088533
-288727834
-349286882
550391421
-312193794
90072647
-113537110
700357119
405864840
-272671058
-355166028
542461322
-611011770
-465923759
-415748896
570578347
-132526412
669252914
511738805
90310688
862517492
-753572783
-763300281
180995474
594106660
650718319
798867567
-277185896
644284083
-906994453
-863186810
32042986
592267677
97645644
-892105649
-825524275
650962793
803670185
415893831
488553753
668071183
844990110
914865971
-957379395
-936471286
-197546667
-599584206
541643432
422023708
-109248860
152659533
69181239
875245380
729426429
-322196910
221599892
108549248
694752719
695839347
71643483
789177774
-925551962
-131818327
-516348874
747633000
-111063368
-250204249
491729411
3583809
395416116
-672625380
110165257
840934296
94283531
872673184
807783844
829390094
330648825
-425043835
-50078775
665722101
-361630530
-77420087
-518946562
874586910
311128868
-563067175
579684839
-250314494
-486802308
590214683
207016409
-772202279
280838127
775157515
756155079
-631708959
770831270
-286954202
36333315
-376585735
559284555
601361656
-196754496
-48833741
684491392
863882014
848002853
-480488346
-487796532
-441521595
374832642
-105549262
629213900
281001608
146203242
519798875
-312976460
186166802
327429094
-929082077
514012206
-893173150
784997219
-843496810
802722821
-264383944
-820940667
-185091281
626419627
328824359
-496050175
-549611141
466471618
-96825327
555130647
734213079
188539860
470035405
779230724
318568970
22920499
207907235
-42289929
-721767315
118759545
-17639045
-23738643
182036330
857442701
303117441
-204481125
839799167
-567216176
-146225005
-913242559
-586125193
-676759184
792369525
154258219
-791220610
108042328
-600491579
549132774
-629493914
714322149
943373464
-953793930
114289586
652093537
555522799
734772937
-866859208
-315337382
433529609
493541701
-908473641
276488025
45505738
849495041
940773209
-672113957
414345565
-762575197
588411890
617209308
434590068
305735922
407980460
51095224
-575319194
689718462
510088630
345862412
5982226
614209959
-533754444
215372293
834558505
370249885
-586959324
-425142771
868238098
345586868
593305279
360500404
-259211296
-296718259
323841544
767703754
306705578
564269886
872312523
-822638834
439225945
214423745
-264449822
799434095
-917739508
491481213
579138906
818853240
526878791
-540218388
-750533068
-641846743
-26082072
14825401
-498896023
-893339961
660930416
-97971013
-710820524
993844674
518589931
15762041
130972215
-125571198
927467992
-162207606
964222606
343748326
-254387140
156178244
145486121
68871889
699419408
-841930640
-412916195
991603677
-531793538
744913750
-135884799
244227452
-225134605
-656595145
524797430
-394880762
166250665
879813843
849723464
-996458737
-929170278
833315688
-865693403
106003189
-879960218
-299429728
872130671
325765801
-920332963
-234152052
437201319
-34517207
843108199
-612601951
-872356418
999331420
312186606
477678094
88799549
648425728
151588967
758666630
-434543290
-211497860
806811332
657243607
990425246
-83525157
-583150378
-495860084
386631428
-949473665
613502369
918207985
-586335554
-599390718
-769942098
701053904
513541411
-277299396
78662120
-360370918
198891171
310569908
-464720638
-613082434
38678404
-987507324
720202790
-797013224
-431453798
995443850
-793113409
-512644204
-867520102
-158406156
788973399
698055483
-733799207
569758574
45410568
462329958
945315431
726497023
-888711084
-400584801
972198782
673912411
-604912608
8410582
543229265
-295093428
-505140984
-78521358
-642474378
-565105887
-226349383
882116062
340959046
644757492
129157660
-833030612
768149442
-63993039
586620231
-833611469
-789278386
136875748
-875914732
-817843060
-183368838
108953375
581912992
340521733
955341423
583502323
22891142
-288662532
-206010107
80792408
127613232
648616481
-310213169
181080870
347897463
489533979
85478941
-956963148
-96127838
-798838359
-136918051
726599069
-63348975
300345189
-142990155
-501598058
124740056
-414639709
987387189
-446270725
-419696700
-955608733
642884653
998754982
-164593139
748775427
613911964
839510269
207765908
-881965825
-621400081
440902329
445806865
161514017
-817111806
-130432652
395421662
-464416678
-483349177
848545981
-502215688
-66671432
-647883545
-389956258
33459446
-450968880
147367706
-884982177
-20633496
-922102871
-862216787
505046821
528948000
-968211425
348723826
936199728
121689866
-953638963
622883490
-276192733
777352183
-252476031
-11089786
-355014908
449344476
-147084894
302183625
933457846
-999472061
16752096
547006700
63113651
267468671
-891614253
-109370298
423063588
-616569502
-436847175
484561307
469909006
50993798
640226747
501683742
-696644278
-403242945
740777158
386487744
-231957964
-48556816
478390757
-117563718
817685524
-116044387
929889366
536324933
61074636
583455252
-100840499
-541700804
285973873
-757129465
-104052489
506926635
326962678
212678190
-520263258
531226815
494671613
105290093
-757158339
-165908545
-917323705
896062233
-414583936
895404764
675612714
691863178
60311816
-998350430
671439968
390893104
-467981997
-276060115
-74898751
-807232498
205205221
306006986
529992349
783904632
-780707782
-671561088
337027568
424874915
-682293688
500756942
-14923656
719323450
-878942378
-781350596
-815248152
444442944
482257880
-778950141
-919753390
-945369197
412468961
99735186
-453327902
201416910
552835232
-221431177
-162008481
111178456
983137915
-962306815
-281950919
-307368343
-595347039
209540893
-353606396
336010104
684918372
-13344651
229799642
148708896
910266318
-625206400
-207080560
-29028786
125529752
537705496
-802733023
646720962
-733554682
-413165331
48426756
-108025345
842043624
572338912
-170899400
-766585622
109134122
-576541840
247056310
72836840
216570262
569637175
335706254
409624720
526399091
841138555
809620745
-672109291
633145389
-257636858
-377267938
-632651484
-592673140
-491175995
-173785593
336818017
-195999580
265605331
-770160990
147254272
-389767997
-949491734
-478020058
-999064886
-780666531
-296319783
-120891467
94023913
-554169987
686540254
-561211581
618129998
-676660523
-420352406
-792770612
519742205
-90273245
-848269169
-621332276
721388013
-828383479
-496713218
-794950517
436596151
-341016290
-702296798
908538387
745417451
975816405
-633820802
-518530075
-291610559
-601674141
32140155
-287149341
547073067
140379421
-284584665
-823550161
994335691
-607561948
-466752234
689448105
-319791747
-324658623
-609940014
480868931
-284218996
-229428465
29386871
551079798
-495795284
692362063
-932536787
-305959477
881836872
-57525792
-255007529
-688840722
-376155310
343873114
-80780662
311714529
858913533
-801065286
-316141458
-406377466
-590115281
-165586001
74854113
-643200533
764797157
891103660
-372017830
-441538884
753580523
-498102614
645649713
38284070
-659973790
-573571144
9981645
116659779
34921499
-910762086
-111260561
-135814046
879060838
42173062
183715530
-43247927
-815827333
468257000
-507701872
-857308489
271749325
680130435
-779165274
137768599
961723740
-694021850
675751503
-187264798
936204907
-9306957
-203023200
-606827888
-211931970
971260634
394662897
213904423
-48712154
519790252
942430781
-401243850
-815518033
128888441
713794073
762049233
616470692
-179323490
-882326761
85445300
-520843167
20181426
-402239369
817359709
64722803
-864928318
-652806102
-876136398
595466531
-303620173
-988731895
-148043792
-644793889
96407981
950043978
591445221
164498720
856872702
-667187121
845801437
756977322
526479183
-60844563
-105099715
-17401296
560105983
455206379
-974779718
782323302
-407675613
-215060047
-719259606
583826774
16226850
-837807833
723857045
-208249129
438707979
-377008508
352956995
972731413
-449856825
-342872009
-327749703
-340090328
379206424
530835947
873026085
-160041179
164756755
-728611733
-992348955
-417346942
-47413119
157629387
886007119
-27543251
337455707
996190742
870107979
-837112425
50420268
514633071
249921677
-767669424
-302431502
473900610
-254900653
49901056
338899997
-505883399
324881196
602509716
260112788
-231575363
-104037874
-963042919
-395349310
-308035745
-830753718
-586167453
642501732
898068198
256432948
-759435688
774074939
321699230
-436732399
-690008418
-77105277
-919268526
652680551
700135621
861034874
684763857
-178861175
-257480001
344927915
-478926176
307904362
361516393
-675188184
620269368
-583847122
-977273675
-883207563
379449904
-762281483
917758542
479976652
34813675
-219725746
-529049443
-873844083
-437861601
-32137673
-426990480
245846924
465676756
-326876079
378583125
853757102
-568484340
-625429517
385377521
-933922346
564209915
-870524154
-20182433
-13906780
225116678
738448851
980922796
962290043
-530020628
87306892
-906965079
534000705
-235719069
944352535
930631795
-177454029
-354858963
659477196
168668215
-681022854
-962698259
608523436
73496075
-383920027
753380896
-658458586
115940512
150372648
-890172079
733123748
270101568
475746545
-977032227
-572107053
960180274
856730842
776610821
-682266931
-108755525
-115497150
-53901839
405227694
411563681
-185732974
966526346
918957165
489267883
-191938168
-806696365
306899718
637657682
60133270
-584162523
263273291
-286212362
-325784418
876209180
457360910
298477852
400278652
807052594
636863902
391444442
-125348366
-553104145
-868807270
-202832481
94385279
-692840944
-33411969
-649807963
-625734575
321022982
-957348927
944229778
-399205908
838479370
859380307
-420310008
699319037
-60953824
-495835752
37268625
-193241688
379984395
-628989493
447560121
337507334
70283293
-39057534
-170520886
-869097508
64481800
518086054
-739862360
339967176
906964234
-645601704
-321614709
-937539443
752766661
931317592
919803437
-973849895
-350160817
607797646
-570794139
-614111507
-795873007
-410612321
-235828004
165995486
637295348
641876518
688746766
476705230
-555451298
-651193515
-554111022
-413381117
-819272099
-326957500
-295814331
-148118878
73264296
-716279897
37452251
615870500
-812668046
-402632934
-948186144
477270907
-85151213
94803925
-727917181
-360409450
-583203092
548907044
45470781
-296470599
-373684326
239911141
-883082555
446798157
986994902
-149623198
121694203
530652303
-106563530
137852851
932303636
-255546484
765541741
-487249265
-360775173
665917671
70983561
228614125
129826817
-813191976
-733953486
-32359847
409723965
-271897124
-449088158
555012312
165629686
-256998542
71005867
480947491
340704291
39078780
987976078
506149396
-97278261
779507531
984540587
-623465661
218741327
-931610763
833542698
-886323995
-545898575
-719134704
-88354381
442170717
-754799305
835712104
-113764355
-723316238
465096181
-982833381
909751485
-575422159
168676435
686630658
784002694
332534688
290537105
680308990
-875881361
437542290
-68692789
886782450
-256061060
-137857041
-152975488
-28370500
785929058
981350039
-332469395
-773045823
495605278
752420158
429863877
-748638416
834520126
284207853
671562182
-704554063
122325051
924880925
-26239222
983592010
209787148
-528463378
-53073670
-585920820
192809788
836661062
-515927405
-188075473
-199494358
184840666
-62368265
-260345246
428677957
673272910
133350230
-738232805
-573438111
994555768
225878255
-644875704
995134121
-847507571
-60851940
671297428
-348741449
332334833
529879622
-285406672
-827454362
-494273221
335187457
629561704
200999328
394383329
973768625
-216002099
-873569838
644350830
-184741362
314012454
-671213989
799743880
-96023072
316297180
7137826
-781474882
-962856036
349679169
161088958
851386273
175251648
755578353
-877563934
163168142
537223481
-470726788
466337079
-516006282
-979621708
783974362
-869897431
127196352
-507664055
903670317
259429724
-461598456
360786525
922754483
556156143
-402431994
995301684
-611260180
606115511
841955575
-73062251
832606589
-717783182
512979562
-917160286
311581638
-865771425
-343108924
-512533450
-456136128
39239096
940340440
932019931
-103056490
140030645
171632506
694383880
272799984
-546905732
139735988
-859025767
-443725743
-661432386
754826589
-846792555
627302984
924004832
-881749768
-875610973
-980906260
360192746
416901943
744071994
-277494571
-965608527
953027736
-965001517
-46164803
437163481
506265451
160207426
294833975
-125839292
-22193274
461717775
-277958106
22467724
-538956325
-534736326
148252954
-48283379
-829579179
-60184443
576851351
116800193
284101993
422838573
-834777050
-417088146
-557866895
45356732
628453724
92297161
-97142329
337528233
769919160
-991522852
-683418390
-916638954
-447503351
293056266
-143169568
-298265397
-821720376
-22929462
343746571
188391893
302399314
20523102
-277489025
-558913009
197258230
703854516
-527205429
-684765196
-370604244
-290333753
-639328222
767722016
-117300023
-951018990
709106027
583456220
-531875644
101977642
-293713575
77960013
593158807
903726043
711927840
425706785
670767640
366612878
353969441
-501917221
164821601
-850449649
593112811
-718085106
360652069
-291179445
719187872
411122533
-972664219
-298372375
-353441859
682104134
451311002
-928747290
-971943156
-438004744
-734664818
-60377799
243190911
4001583
-231297693
212149515
-617470127
-906735688
948833892
-596461495
-898183697
-795908958
398064845
176519189
876650493
-168520113
833443008
561027640
-354197815
911986382
-551819213
-206750097
339622449
-103745759
847214936
-761242453
115913868
818772375
-495671848
900639393
-377248168
-442305594
-399165135
295265982
816711042
501800562
-308429285
-708981071
908928
-110151748
-134517244
-208499156
-234530874
-228700615
814802945
-307299341
26538732
-486423247
356580437
-646726890
199534892
991296387
996501481
538537582
-612155715
-453991851
937870701
858828617
974146122
-787875554
-155701387
152299744
-152281888
-989338229
870771393
-452045383
-587951984
-6157459
880503007
-898272404
-840101236
589247715
-388734132
536352344
-142891726
759382715
964222141
770722674
-541689374
112153773
497166965
675546992
605092768
654788750
-808197230
610416250
415013054
987068525
804100241
-155821411
-179318566
929951271
-886105237
-517427455
838847328
994725788
609353413
-156788144
408307336
283497313
-546592827
-600810865
-313390155
29226746
-395364259
-905851396
985026547
722935830
-667118195
-344324057
-795554438
-263675985
928443277
772420002
983841394
-117447057
137127568
-964301648
-854992107
409212489
-516301268
-261917744
683811584
-286871046
221071218
-127501212
-294472954
-928565757
-525333718
373671181
610314738
134671079
-22331833
-667786343
208136116
-227627982
-996202936
-79452307
-677488500
12644402
-294115756
-183597803
-946556547
709139129
-438482681
-266076470
330694116
-832876008
-333077074
817314929
-521043452
981372670
429869306
-661822654
150108205
694649531
680822617
-202889512
700923740
594629246
-290142591
917296164
-402923895
-301800813
-124123875
877654649
-854925091
803510482
-524800875
817198781
-731972392
-679661828
956852890
-675126870
538301989
-606953886
-43622133
382954783
904637580
-986635195
-67119054
945872505
-834503815
-631962849
895920412
958179933
702170664
-631378051
-532826563
-234429971
231627840
542088645
729055288
-809643844
-156997507
279332273
-21538132
226217361
-349381991
554999339
-999569919
-792318528
690449812
-855625576
-543906532
-538445205
911702547
-878868425
168604103
-14754117
-675188585
693124007
626065673
-562623748
-960872687
863936839
-131909657
939148242
-137790779
-935819994
877161305
969708667
162066101
305789655
-126945874
-49883383
117643470
-990032070
522202039
-608060976
-711691447
501111568
289242063
908158859
-309934706
769830080
165827973
-516989984
-26503659
-546850156
-842230352
654260283
650881695
517400246
743218107
-245614805
-836658001
354115980
695231459
-239625746
449163698
-91327118
345005410
686696782
-912986096
455323708
-67911566
-771315894
-247119790
-151593086
49023980
875341087
-277100890
276763560
336698412
319075171
92963500
901602433
802374787
-5732650
897580758
-78160398
-813449214
-361832257
-757575756
-642205764
519538405
-747834246
-352190084
-183215553
-779288652
489222392
757569038
-142156610
-275809109
318075937
-831349207
716658517
-576600807
-117837637
298542620
-472691972
857481803
212513608
674208974
659025666
-312809683
55291962
399771849
279009072
-667159891
-425039260
284266257
462198689
315791207
803247137
506613745
-616615994
-788752990
-113179799
-619183439
-688481973
-762563335
304726599
-613240015
-514509933
-224463448
590246666
418095726
-519866559
901692585
987000540
-379198544
823254869
94304413
222413464
122206037
-142821670
-710838409
-815495684
966569596
302061845
557327345
555744234
-730081673
823844477
-811759382
614948305
-992194133
-845450915
572806133
626358644
630600284
846325786
933265187
889520469
-555156120
693304694
705043191
-52959684
289973204
86085879
832875461
-936903784
-365773686
945089050
-262606380
-544285
-221081329
358909987
18294155
-897263857
-379348009
625518051
729589787
325766373
-140786992
-639530848
-923700616
-537901861
-479393376
-404558472
-530390588
-761704616
-558012443
-353657122
-592324937
937646364
497868575
-622623273
-84184162
533990651
-149529862
-256938706
-886825472
-484227565
314096811
-5276040
623376841
-694400649
70087544
42537972
-251137987
-794980289
32666500
412751631
30457161
-202264223
-39940501
-100084045
649258536
-769197968
53793169
768630241
332815755
956445682
-238980669
748711671
-277987429
528215428
-384844665
-675687532
-326279266
217137745
438333527
-267363289
-610028567
-575738274
280902654
-741834765
923030696
168867519
982973684
-9966734
-977328979
423877703
507210819
716492519
476404761
876563198
157275732
-100350587
-616380021
-968306863
582070612
-952559000
742848059
89898184
-810104673
899402163
301509768
791005642
104041376
-763730947
-251378421
610985075
-622989913
412819431
-676255302
-906673685
535534397
701686544
958812545
-278423066
-395089750
478060994
856896709
-796614430
-440971544
-537778401
482337841
316759137
536100099
767803378
-732543972
-869799911
-874668054
-840896460
631396483
339822540
207806967
-639865959
-248860541
142653842
605934189
-698469397
959219533
900966393
956908545
-585576181
938085556
-980252531
-457847154
-161866209
583161876
-842533826
676933714
270664726
-541633811
-559401462
-665091551
337518858
273432335
-487173361
929264583
287854543
349326564
-925365478
717110142
-112589853
531711769
349621852
-152571956
466894522
-428634644
942108993
124291114
-955661401
-164958133
-363082888
809013054
126378015
-352471835
-310123
-864659589
577217077
263706971
-622838974
-870711347
-464691324
329680904
-817316462
-906297571
-126994651
975689925
757026703
-786012870
-722911279
-395195151
479083443
-618891443
665010077
-393785624
393790466
351008874
-847548629
-533938864
-246282586
-480675543
-163194716
275314272
699223704
-229631277
-882491327
988931210
62615151
741317437
53978769
-50308318
-97362855
374225693
595964068
366558635
-500846710
-105988975
212139249
-644588028
53001107
654126598
-60219145
-484413640
-625046960
-860197146
-264349133
-606692344
-367364850
-408513929
630884647
-137329690
-191538035
548279112
-271641641
743919423
-474492265
-937268223
306660879
518113937
-198269164
-736450322
718400587
-583124936
639668043
662678796
-777257075
196150454
388045311
42544155
-921263150
-917579814
-791500650
-404239635
-412501492
673395488
969595726
596451451
-577614404
123173870
-558783065
532229134
340173535
439149364
551108701
297234067
-613654784
906543842
-710998909
611615270
-463157850
-45596230
899985315
628192076
-539117034
115228120
598371292
-523764739
-812951186
-858602219
-43103624
-45975035
293819915
376342643
381706782
-849964382
225070204
-644382300
-658191084
251041909
-33247182
-141395401
-175119581
-312930774
732195643
-839733712
794712799
398589777
807157485
607919157
631050590
576010568
836635222
835764553
21276589
479195617
956668201
-7868908
985007806
846485423
-928006993
130112495
3295165
40964279
-520729663
-774335018
-937644021
-224576180
-845107290
440503924
159199444
-486619821
-523697020
-611003370
-500638756
-324171877
-834689377
404262843
630383651
-379043162
-712057801
-99528547
-931299298
-60561555
-931300412
-831809301
-443278804
928835290
32998404
798678217
229498965
-422325851
-787696761
384963045
-726567626
763387299
-869000769
-916639160
415480911
733012785
93254818
-670235392
-728970144
865693827
-194924541
-388730460
-180170244
728603995
184743633
-686675290
-730191089
-55148682
446468273
-375595638
-679031981
539478563
206958306
-51669675
579834854
-294871914
-421506444
-554600146
948752040
-155287797
-269628686
702579107
264805755
362398092
-40716015
-649103597
453618617
661287947
340277514
100580004
-300711758
-690374284
-757532256
-344229078
603378545
-73955177
757861176
-300393458
-751924595
259405602
-333709847
-391828238
743768606
-6164148
720277186
253312168
323468691
730062699
-59254426
-486082391
206982587
186275429
-940084845
-517843638
-512902165
153468506
574539587
162191071
615808127
77308460
-432043800
-322060720
-687298147
484135929
426885266
-24373163
-641347067
-344253025
820371274
939574200
-283316491
784663253
-428584518
-57461584
-276159164
-679149654
555595648
-193403300
-188209678
279398295
411086105
-448744335
-895548205
801916391
-885573657
-307161227
552713363
-886103536
586461165
298656007
442588042
998195022
596301821
-213533369
-137517717
66200647
-503044172
789512238
984172558
-312421855
-313132649
-683343901
208291979
-50953894
836432445
772435800
-107660377
700926107
-126282910
-907750153
28681828
-239943798
-391260783
-133344433
987694902
148280750
-949009709
-15522076
-929652596
-399495423
624314597
-986391971
782454019
-548712813
774679228
262328024
-225104704
-277115764
598737247
68590408
86884288
169426095
-844200402
-82794991
970859858
-79927064
48331553
-970288820
252831064
-395180704
-439044248
819597827
805256731
579168200
196581743
-331810648
902305814
-608982418
-575641310
349189320
-260362702
-968620903
391643752
156020900
-67083490
-623394332
-198695242
20038365
-872110908
-455945255
-939516753
913102209
-869072373
464355877
-420737813
-869268956
590210110
110517370
-693956409
718802234
-272317744
232937793
-579366820
-396828687
154292739
-834168590
-787030047
446121125
-887246428
812217333
774527155
193001563
532364019
-771702206
-782328262
-475630884
-300898459
297236750
183916083
847796190
-981190478
979689139
-116306400
518541042
773471741
618278629
322813616
-807563006
-349861997
531168792
-212795126
910775948
125229565
-749329566
-962052479
175572737
125110024
466243686
863643470
34739892
-178070967
794737828
-510566513
-863599810
20146834
726748223
-879558231
-244338456
272302513
-347857301
973535225
213022172
-308828084
-945864941
-566604694
442902210
-344607386
957527560
-957230465
315803969
863538803
-885658603
31095189
680565043
246966501
-524337497
303272693
555580101
-764315880
43430998
901959667
317695112
395506003
587472634
59704014
-965290405
-648876642
-391106006
-830160405
-892709867
180769834
-78620105
-866114740
-20106934
267331343
649878638
929542188
805094758
-186383765
513086831
719810389
-849830940
242617709
210885306
-283006205
-146883803
-692754003
-888493797
873858465
-103943605
-637183941
-993698748
371171044
-488533185
577409532
182483317
-983770334
35077960
944433593
-154107874
-48376011
373589795
269567400
-392095438
554102245
-556209471
94806655
-818495668
-706157811
787727651
628722481
903822899
-849321651
-443803311
637457462
696992983
-247413151
-794631584
992126788
-148831266
-69096081
-579183925
-849537655
902259933
339344537
-399284726
804361190
799660866
601776683
-830550030
-755326215
-473798442
-244174704
352524384
489051212
-630819154
-330525293
-109096479
384385222
-987685127
-993383328
748388487
-340028424
-932044377
107739978
-656963567
874111990
200767444
248299980
-133034710
-722789367
943772881
-866137335
-426658168
780153719
157560730
559801292
61940835
318820862
-678319065
340071636
-341333144
-564232327
-886430987
937057777
20644013
335796312
-526343538
-582919395
737015815
64148576
737122043
684948219
863750144
569563982
-828548511
255100671
762211506
-892861932
980204951
843496179
-598738579
802929877
-940544789
-783370903
-493789482
211815132
-393287946
863374373
-237523538
-896804973
-477407993
-185004481
-171183773
226578301
-182292120
845987372
864235938
-462713886
162120965
-106991568
949675239
-722641582
196034488
-641610975
4741725
57972725
106579197
-392631235
-451806628
-426001861
-255048599
361595789
148344376
-661363527
270896040
-680722247
234595207
-388223668
299820178
960975410
881399275
946868518
-695299779
705898599
185046960
-714495976
627668705
305448083
845772974
845666233
-121290064
59723560
716894378
992105808
-890558913
-370321003
-627552470
-890481557
-615757325
-862918937
-284054675
-293825817
36190613
119374811
783265580
582985208
-669312645
951314124
-567253335
-454686619
764863955
512790680
143696294
-423876464
-992284468
-638434755
516027863
-553888350
-434690510
28995300
-48094829
297465234
-397178854
563561146
505211204
-524279651
465387142
-834752017
-931861698
968455129
-43823561
-401057313
392610883
-979188769
290183227
-71518446
-241002578
-431342921
-382465149
-924714516
-521858950
-347156074
-673184752
149188663
-670203801
-140579911
-369396131
-860858411
478725135
-123778249
454478091
-995789037
605405519
-615339552
727175720
727105365
322767628
168911068
-470631342
792886989
-563060721
663699585
603072835
196592512
-533582495
23947260
371608953
235327291
-125258671
534090504
635404442
72380099
163335608
-463726073
-926728739
-196746334
81674497
167021711
193311997
239385725
-573015133
623685833
-883309842
563257111
422317396
-128203846
-441575110
769960745
-651735715
-598828340
-732040120
-423835679
-324114600
529351557
-227385537
-173556244
-569502873
399457059
-238582185
564133070
-896564661
-480755340
263485423
-148874978
976404112
-989362540
361436298
75724407
987220539
989846444
36260559
-244108885
-62875588
505427711
-411965798
-467333672
-368905792
462458589
169468419
-730003014
-392003531
-308626769
663202120
-706502649
551046891
-478944553
32664654
342422124
-641138045
-673731286
69841615
-197984428
-697917140
925280252
-432798553
651434304
-866506849
-910275150
-959715311
802320316
649322771
-435351613
-883379470
-250533731
-473899901
-712849172
890027320
-731436080
27823819
-613786986
726530020
400842363
812526991
-979041146
-785316170
25286523
-2990708
617414672
766128051
728486389
-551544641
-511140807
125018319
199019640
-519696353
-11660389
-863670833
62818551
-864247379
-463334741
-902550770
-188066486
-471274953
576899567
194380169
-444271957
-769580423
-933330397
552423172
128351089
-652354189
849439893
-665017801
-917929745
215199652
317174444
-56157632
-102375453
-782220411
516474920
430733877
412204305
-576360051
-875374644
-156533080
-42434043
-510943296
981505184
860166393
648339966
988486979
1618649
-675758853
125126633
-996111144
209463841
-865560598
652527794
-896630818
586819939
-247839273
-83000960
239036352
175124534
417152864
495698236
-852242605
585992162
-426295131
-323055946
986823700
-941851315
793976799
981744272
817537020
-692256853
135819278
834793916
283142374
-985853698
218377208
-934154309
325941962
719391336
-589961592
428065699
613886070
682117495
-133109616
-525529550
-737057462
20931425
-112267288
-735470421
-825397412
881640648
-556562693
-731564321
32637570
-456404292
-448378156
-962991406
-695861082
762726382
-1960905
-246451126
579258431
-333768763
-191454577
-119854373
-392312120
194371678
-495698815
747238449
-192976085
-557903287
897021010
977933315
958737960
24031359
-905030417
967078256
179095301
424395637
-989310859
-467119006
97276437
-70180279
-475585673
-352090334
326567456
207745764
-458460460
-354151299
289391968
-992889289
196609098
-999500183
-503765838
-824784143
119374751
294478778
333633213
-518541377
494926363
-998160491
477704236
60753996
970198435
88751688
638199924
-628791161
453856844
-596150740
249229867
-361942036
-200908888
381042392
586766727
-518307799
-310491486
-771908156
375900280
24228397
265378864
-735469909
893554659
692749186
-726337804
510135545
909176277
264534412
-549258718
590364973
227278926
578961215
746183256
-231304151
280374388
318586470
-88308563
902207902
607465006
637007846
12269842
-449530863
-739002677
530508956
561957160
-455463563
-362961764
-353046161
886826585
-19788281
319587464
-955812253
-904761810
76695120
-544134470
-894575506
-65486029
658800401
-877144067
442550936
451809812
-794006107
835639009
-495712899
-400939337
474993689
993215742
917708693
-693089923
-735140553
-236309202
437500650
972003013
-318815120
507717109
592442083
-446730749
366441355
-292884377
484956472
-764814874
-980149099
325180505
-702058029
-861235432
178303523
-509116193
324475592
-292328228
-393206766
-307570909
-413804367
235480461
468500469
627729479
-29569649
-949651706
-162610859
510113682
815661291
478290850
-578416802
-221627505
-435373949
169924340
802046126
374742597
362264853
805470349
-644457527
-226500306
36317829
812518781
809594091
452755498
550240608
-297579389
434170689
248525434
653176846
87747829
-222504583
-697364828
316565921
-527843098
-541308669
252068195
-445367600
-426337106
-367828685
-179776746
659807362
645685175
926811730
-727274711
-61060481
-326776700
513219498
633652023
60483815
755979104
985040244
-269912069
-349357808
-722727421
598827387
843076240
-127857709
367925975
-81537867
-83323434
-49286908
161040853
386448587
293967472
284122510
141465477
-382268786
-333624285
-59809293
483130949
905829657
-182138031
66876276
383163409
155760137
174742163
-515865661
855316930
-108263984
264930623
-462331215
-787819436
994979048
-380262368
733748163
-628645610
-306893716
-321758807
315463564
849669987
-925086661
293625958
642479606
-378209128
403561945
427889322
454249061
-543699607
419461039
820769933
-264690159
864933034
-359639613
-12383887
-801933158
160323793
-145332121
428433968
480181080
-541176475
-8890990
599681193
174105673
-358659794
180076495
519765185
-630875563
695226436
-163263849
941966036
-620147407
-831285810
-62118706
-708943598
-537773246
-619431654
102712167
708814526
29261761
-961631364
-391996093
71374119
230362894
146389237
-404579035
-32926958
633922854
-777484832
-556088579
626430643
-948720350
-989818997
-749586123
106320990
-636503174
-588794695
382307928
-376266856
389958733
991659277
-138176547
616131842
-325840071
667567441
124367815
40305348
545019163
-710848991
-962371869
-992787348
-524833429
-214587135
527728227
-914999149
-988018705
447074724
-261791044
-538584341
940992132
-126633459
965918586
827278473
-818002104
-31959421
565755298
707075210
640788222
198434348
-226130632
524403053
-35408925
-485191023
350723623
-361602839
44849925
446491839
-236384601
422390573
649184324
-398166819
-627488695
-479248536
579008183
462153052
-862622342
-947609941
112399751
900328769
145914793
259483436
-167345887
258409361
843012302
310054756
-438346253
501784653
-780053742
-994510320
-555348835
317133670
944611836
-713632654
-789315470
155107361
900179247
-686006314
240688735
-101467941
-445222323
-575661937
399978782
702979720
516179886
463064852
901968172
308601034
383724348
-423166067
292597772
31265036
233522292
-732306900
-206474831
-64684708
-289662766
779793654
304224159
496699723
-320805113
875682996
-470398532
787588852
86769050
418208641
-900461721
453304498
15896773
-466359991
-854047940
787369470
-566085076
-283815812
-533555901
968585562
-812589713
-348345074
578331730
-600242594
-999766157
4985864
-301665769
112053086
244035121
-641202234
-208498468
-333463406
629324016
61727422
-991690982
540822943
777879798
-404668748
-584003227
779460164
-22945454
-500780805
-193938310
-119577032
2305651
242441186
-97121674
-726607705
579139776
-563403280
-438426562
-172370336
521380351
-497323366
446064559
919961003
215689542
579439835
-766645896
-871193083
-198433088
527183459
-342274719
619105425
937711641
-852842593
161335486
865237481
941987240
-342837220
949426181
-394037535
-833367355
324519403
-541558854
273214901
-183787296
-439874294
-456534773
-406996774
571154718
348257314
686542628
231380631
551240504
720757352
79908872
142505352
142658309
-964357988
196384232
-971570861
658442086
337546076
-377650687
92074474
-528017897
-367139755
777712114
612591672
858427936
-6509341
264525535
91964097
141392893
328344035
-670357437
-673646495
831472408
-728192024
-64493986
147139548
-226445547
97630057
-289420035
-538977631
284203501
-886751255
383783901
902608624
-17808484
126671357
224009456
982110841
-388724649
-586534026
946874141
-246377027
-875705096
862311256
546176684
-713948754
802143270
-40693938
595119860
-903098949
-5267178
98538060
545864215
-917224881
-698143011
-724009872
-410342276
-447516785
-746046925
675118016
3117818
492952548
-64154450
144548916
997166786
-975243426
975413173
-763132756
-391712405
896235220
551981027
796114215
28191482
-281114216
-415289354
-640838000
-197759888
265625027
112692180
-698121646
-230355125
-844572241
-417746713
-888192916
847469095
422357142
-264444717
-420417817
-339693922
-281817231
844354769
119286541
494845035
790154642
583571439
-149805543
-471672876
285591740
-999338085
-457453483
-64753923
-862148952
-438154447
-200497555
-146340958
117591716
588731116
912465009
-628771398
298215452
-251174694
-487007546
168005419
-951456417
933710791
585524237
306934261
886325486
218071063
569009586
-254834498
-580756934
-183866317
-817200622
318684604
873912908
203704398
-512087023
212157570
-674348919
766102687
-854261206
-213371172
-752002558
-913690624
-40822485
-232716337
-512646539
-945336516
-132758506
-793537120
-974617833
569530497
-867313058
208601121
-136523943
629153637
892533967
248024546
-309989503
-384943583
-436505945
-67517827
830464778
-838871596
-711430055
-557288294
499199258
521980353
-970831154
-822544288
-443828631
-138285627
-573396533
-157910107
-969780358
-647307285
669270613
359550292
859054925
-344122032
823156743
-506001308
69474539
-470658630
75756586
869436508
57212958
682481973
-476836639
623929306
-268691380
-752491946
834432071
-783479457
422978030
-406568561
-363114006
224168654
398315902
-825664965
467270926
633016918
-129861901
144901123
-229698183
-613914027
-644852592
-24836727
-70286335
-483950922
-590516666
773002122
94847730
142673442
-31750110
-997432359
-517089986
-968518273
-893370561
-974130399
40652234
171978514
-925681611
-5298183
165598408
-982268124
-93227867
768539212
-38610370
-756225860
167981330
336300023
-502960993
-591356203
883845030
264752934
-956945272
506566768
-913734402
-414542653
-185172370
840857059
-671391745
297299267
746783895
-946921887
947696223
814803123
-333373562
981424872
-568465013
53131131
-719537353
58324550
751352058
-889449964
84754058
183014292
-443255749
-879751100
928968305
484252912
-695338576
710086194
748141129
-816429286
-29539685
782084180
150500217
-762078439
213644028
613210573
342732920
-241900076
59927516
226733537
490864962
931148573
358198991
587848737
668652560
-922989131
-240778975
-830042783
675032597
734157472
437339736
-756042846
515711856
-795411890
217161563
-333695207
-920967146
-950164241
-83835441
585623292
324207427
-19707253
628777628
-547259872
86692397
404343068
-186057221
-733233591
486982245
-670383991
186026061
-978219900
991221037
-248546271
-300012372
-469848234
288880248
43975973
-818057503
252274240
-325234427
361496
240200061
647448488
565684206
-912959167
774357567
-315807101
473298500
539954575
-905133139
130274573
-736290825
161041174
166575039
-559557429
-573195050
-11236259
-878306491
-238211289
821578578
-86756013
-373312438
-210505652
-84585371
-716616019
-232826756
-794688755
-259255728
-146986552
481474971
-150289592
828960443
643407460
-2831705
-605656354
123757219
-772645120
723646768
-465247198
785899894
130109726
601690828
-713367276
514429392
-643569745
-772501867
706298830
625657655
535329821
-822608427
-270165893
71004221
-809825860
395559346
-54965439
687278124
-392101246
-879024888
-252030454
654340323
388793013
662848666
-667210038
952184779
-249713791
485283660
680516421
874920365
-416241774
-60211298
-737218102
-245163470
-790997793
-636212857
-764322050
-5886049
119234286
-848967582
160750210
999379710
321572127
917435221
871786773
982834651
-387931342
623391696
-373049165
-282954723
29816723
-792866679
-161311938
-841657787
-646724692
20423795
-378162449
-584623838
477228738
244876816
184832385
315493896
384123532
-286627035
-27408291
-667943745
-904317321
-286456128
548988405
-305273704
941436975
-161428991
-690395315
172624407
758167559
779619222
10096281
814069255
314873605
-510893845
-310391840
395546042
889411897
82441930
-760244563
-488537074
-706573984
-360670147
234178473
-3092704
501479833
390990297
871645370
-859074376
-645500697
773046981
608531378
-246093320
163938199
-218785102
577849850
-723313704
-880867510
-591083747
-196255638
-478913285
370865992
-924277946
352455348
757310044
-738348006
-567773633
-741272936
577941216
916801603
-138843149
342125478
-111956669
-549426737
575589470
-912375640
549767275
-361594206
-51625234
117604679
762720051
-90113496
964815842
-302658082
-476247544
232363208
-62452059
-717073535
157870297
-290721378
-934472806
-962074397
-612541874
-61623477
385195435
-329500553
579998267
-678713790
723383243
-852426195
860859988
527257194
-392666095
-653410539
-57272675
551152449
-360326003
143907843
98809703
-712452107
-374506664
-374746394
-699556680
208400000
-220821173
-329989765
72914192
981904233
-129965305
-823933726
-905210936
381294249
-81590871
299662236
-468141353
757984238
359657205
764481575
-403520105
252463930
839508316
-41263652
745734895
-797242655
-221492521
216713405
477199025
968508685
175271835
-964050270
74040514
430821513
117039791
185383469
199565451
570830679
-771396437
-493012160
925536164
338499802
-773406339
505368644
-289359538
352839555
505821388
-574208696
-406463689
648087699
-440019401
94480703
332010625
578793725
941771858
137870458
574630485
320244738
501500153
683152433
-816820966
-597031479
461468014
794860385
-731706562
-396198399
-221051227
688447405
-388497109
-753043197
497313955
652795545
468634585
-636591717
579292621
-555694351
-621339130
-739328664
-283463325
-267066104
837771216
629676543
566907392
723880211
355468793
-204680937
-526568188
397960554
-247636616
111045802
106679247
-469380018
-620135227
-646888192
817932168
29283167
641624519
-641930101
-372597815
194180128
439540198
-793549858
-443323108
-112241877
-651233087
361870346
-691385448
395768830
308722029
-827971326
989687271
-745356379
806820090
-39272152
-813274976
-836241948
-195123650
342544226
381221863
282647067
510679450
-807427634
-449917854
-463618596
682937051
-475982360
-208062892
-480568759
800562022
-517262267
792435885
109156666
-346533040
-41850676
39767649
89446404
992685216
799078921
900637971
-841814265
86881374
42839595
-367706617
648455174
332388950
-329160817
-872540864
-56051824
-468087245
-784133419
-735779645
-907728217
-910027690
-530007025
337832915
460797527
356491502
538294138
155742910
577426055
-736775294
-425510362
-211153699
-627815405
-623237938
-318479280
-318013736
721509088
66827921
-374162664
139612679
-881118655
-644980695
-363509142
692873422
505323751
485937683
-602462013
165482086
17301393
-621180928
444674534
-339692045
463444642
-116073124
454307456
-509998498
484361651
-377290885
-651097426
-406768572
-338856608
388622836
636873681
-973099757
-945681942
-4288033
-469879489
-529429300
422234259
154958296
-677432523
903233183
-71725902
445269459
961509313
220056508
72830076
-417774888
59572632
511194673
-259131768
-667392731
733295505
934272917
378671388
-305680721
552028372
-145965120
-970298046
800707073
-908296376
178818245
-484708145
-611275159
-362680065
891422775
48101337
806367389
707724773
-584247333
320310450
-119414403
267405265
606174210
-525875293
-860519712
136159006
-953751920
-512700544
-586342114
-769401352
488123634
-236510738
-41920899
53054456
-290817272
640760013
866903000
-755172182
-337203629
-577057177
523041749
845316164
-256315144
797729821
-551686883
909090346
936952092
-733346096
543387521
261351301
-461525403
822929093
-875113042
-581848697
177911496
453104303
-87001867
103951293
-492975831
-913002369
935577236
-320166225
-333963439
-343084043
-582377531
-70064723
-917421174
574633772
597947408
-960679242
-811572353
-905838727
906471894
740716428
9240380
973809777
651374350
753118707
-622044435
-87198113
233561663
732571207
-801304875
277302701
615369758
-330234972
686164940
101407506
228489234
-710379065
-800371014
-373347909
616142766
-152515595
-195911629
782863325
-291704114
10726140
-78355968
-781178858
-286592619
211078204
904334920
-396641954
-603742475
372065708
121199145
-497640849
-614787630
456184969
687408394
308509049
45936438
-670023491
839458185
-606347663
-666383604
-277133391
63334120
843853907
786446371
943075729
-685703610
-385223813
-480603805
-282942806
98788044
78744851
677850605
861737926
-22327540
-618914541
-982899788
977694350
520069127
199317754
-585760229
-142543759
540551403
-2866816
-755168573
-65267806
446693094
-2661586
368992606
392959149
680878218
-708559447
-982666781
-156222409
-945452467
-305527452
813890956
985862453
-50449203
349906519
-60887768
59442317
758211394
-101114367
-566678464
-714180291
-890893184
46665926
-920968636
679231883
27013374
-93758817
746020496
600019328
-895373386
-346191446
-229966951
371553926
621912700
364937839
-517615300
-73008706
-740230006
-766717911
-260958710
-946503097
-728449213
-980744728
-986784265
-412737121
-920412210
-388855307
845696496
949807009
-12618710
-292604234
-677873680
930897353
495409434
-615296129
-651587434
905505101
-71436634
-999976328
-232400030
438833726
-615598106
-133077701
415877860
760021185
-656514385
-808823765
-220499645
-330686974
-299006145
657795036
987117227
-404727748
689273431
185108915
437551311
-896544404
936232593
283679048
463020852
342091240
412297767
823633194
-941562093
527895492
42077469
-593779913
795397965
-135287163
-194268549
-717190766
455770549
835990662
-425298752
536926470
266901884
73068533
-15565446
-427819340
83153300
-11685609
106667394
593398369
-85559071
-455053895
264304983
140553175
-929180664
493220397
-307049108
-486452602
982330037
695993535
-495587792
-711310631
702609585
501743758
-795546209
318109299
-199202670
-583430520
-8561323
864904812
420133394
-168495036
431987636
-476722731
-763269746
-416787999
776213793
-535506124
704458280
645371442
-805884207
871114154
-796382348
813359956
589890641
-909801411
627387710
717012152
-126438007
366968457
-399461889
333215636
-140092644
132774252
-592030546
137872006
-600157543
195154876
563553091
589892779
-666620688
-451452453
764204363
-950084702
276642247
21225303
593673687
-688096021
738683385
-680350013
-275551887
428412999
790059627
691437527
921705396
252785450
-852950519
903500287
359896828
-267331137
-693837476
692291461
-713326059
529684248
217122854
-104506482
-189475406
893187740
574505724
87814272
-362349093
-620328392
660316619
-404889090
414890107
-753838323
-868124707
656404316
-276224344
-891380967
594850558
-808474755
-61430928
646443393
648494068
-714343463
-644453136
93684406
79258680
-903071798
-355822213
287753434
-810153457
376523680
462141804
32311883
803313365
-673476636
281590054
-435191805
-746626237
964497227
-180682200
719380704
156317832
578762655
-494288192
828880098
940503229
-172874749
-903133950
102397617
-110531441
197700444
-559894722
-717057565
857764846
838327496
32230076
503197910
241709718
677549462
289894966
-607264780
385944022
440933441
754707243
709221685
-764039903
937990119
52069420
-522539635
565427753
-401639732
275646333
909743097
168865900
618258145
-421421241
233463208
-178778318
-26554431
-862287542
-632676036
842480962
-13794892
-254316837
738123995
128598589
-960929861
-373461773
-529562533
-978566199
232305289
-371358543
-246509050
719180231
676151416
988090273
-915143522
942851909
391002393
526381307
888573140
-948326003
-680030324
-44293613
-668430870
-669582000
-448355075
-445796108
941178194
384807309
82043440
-271067202
-641610269
-673956468
-177515877
-769528313
-135183491
-434735944
-872623376
-115820815
-69481765
714326116
781178711
678580124
-575893102
127009882
-997423603
-502775673
-641967783
-688572371
416992404
811100842
-242188506
821895215
151598021
-508983725
-415307388
872961529
-421972259
671852280
-638523312
-560275744
-94042267
693830175
432477867
-984179704
-452639682
304501032
94333617
337290175
786066665
544517225
-764192659
122538062
9502557
340700107
-871420294
547108114
163194278
-709554355
973718421
-462179061
301600057
-911962287
785446659
-936276463
505619012
-603343966
55289536
-157018096
424054934
376027261
455325340
345238062
-802193477
-494181290
281027578
-2510980
-255744687
530939797
405647176
-636581499
-564827697
498582311
-653769315
975370334
-691927948
589971142
-667645312
579318927
144305493
-795772272
622955781
631338901
303263258
-69955694
-897556945
-705029326
856330382
-111731940
-695970161
738936137
216745033
-876670944
32766470
636815707
-39772664
-766538592
671614357
-743881717
-143795205
-617219048
429418740
75820210
-964755811
-214972296
-387613617
-92377634
-458240831
-976091311
-289274100
891024100
-541036558
-480047350
-932149005
-112983068
604256141
-333498635
66419823
-982255973
-381704853
-420901695
272382371
-621136704
-626640794
842088032
-439043669
-314720368
-170190375
567300238
-908934898
333083548
164284031
-241833689
-650364338
-807070992
675505776
877177104
-977754362
-20641996
502041825
675134783
367542153
51657598
-987401661
74438337
-853718031
638832282
200959345
-784949145
-868517116
-832710524
178575587
-549481445
45144636
-579066105
779289136
671026883
-682347844
-542504740
634512093
-808026319
752052112
-777942183
575967591
-876789545
380413773
903337252
-782720371
-433916841
179941503
787200151
-453475010
-912067044
391500179
946311543
-842689045
-352017239
549742432
-647266879
-229768815
434474746
-814292206
-998903448
-836012079
919041848
-540746966
490558958
153767722
241718551
758634569
217707530
-757921730
-390024199
900857084
-767005229
854151900
8499616
-368822889
397976299
-933440558
382729140
-891556211
-457784337
208499565
803117532
726424369
17854479
-859554041
-620053805
-61884189
-349692216
696568808
855390256
291828404
-720487135
-356867822
-157428608
30116768
-717314165
-87891807
579746949
-171890993
503563819
-658823349
729932499
-617874590
-943830736
969736518
-43729765
858426005
577053369
-978229708
83931650
-333916704
-865374705
846997360
806080125
-478593299
128940745
-350462233
635255008
596900679
-589696998
-648197001
-158244748
929491589
947737372
367822434
687834431
361848166
-144738342
678428048
50963724
-860468924
948531151
143433640
772532621
262191528
616716137
873458858
-121695429
786955135
-44338223
781725125
-458904833
619061444
474572312
525659689
734125749
828209894
-771762201
859598442
-889515083
-913888196
-341645423
-887223338
-514679771
-547566157
-602371855
-380188880
761714154
-737806158
-163287459
862307072
-287231095
-394381273
328010734
144860979
705306576
933350053
-197508717
969951513
122040973
42874624
771983537
-8784828
-355040251
-605934536
65071678
4820142
437996585
789162603
426957663
942367682
927920735
-524415431
-635075591
-326383233
167440178
766570443
479380846
412896366
-206059465
500046894
-243959542
-912765710
656914107
-820451228
343348904
-445042274
-978379893
72679728
-561612587
-683502870
-972447459
29023725
-622610826
740248516
-316459031
-795525656
638611690
-752281942
554056442
-978256052
-881965351
-699334326
-210562976
-471870522
429863231
29008172
-312967142
555366856
438444212
-283147636
-693989104
-240076950
-869741458
631281536
-586541618
-472752410
74767946
-267614966
-64035366
929344576
-966074897
624738182
119237252
466082543
-618879247
-715314358
-194811948
-59468446
-214369562
-296588103
899195062
986295355
-417049410
46959015
-64203788
-3876922
-608655001
-45985540
-264509495
-993916532
-237293539
-737005101
-70805375
-542363054
-616656459
-178191037
-447577419
-154734521
100988030
523564355
506495358
346711256
602403235
-2805605
-669539233
807791970
-381436811
-513178870
-591236089
-827882269
633159888
-865870336
-947361222
855772060
-109903930
939837311
-535880522
-490457952
-883298799
-579164149
380288276
494532583
-689983805
-910941122
663834183
-238058400
996608010
-826581278
212274133
663113589
-627102027
-781045994
-374297971
339253335
-862669314
-415485590
-996589063
562785624
-738683529
-729162251
378042677
290589583
647674121
875139758
200412239
651286151
-242203300
995113776
-317521548
969180126
-959032598
-998150567
-640540238
-507705309
55856416
-997003316
82127606
487360525
-590722393
-243206092
-336222564
728070220
606753765
963068130
-382041288
235007322
-859152256
831427910
-9315828
572022625
316304538
-274552481
-590303685
-708399051
824650408
-407929098
963055357
-915720741
384952203
-680770281
979750829
-150166244
576374313
-247757422
-149225034
-682424607
-665414216
640866240
-973943628
-449672114
76968916
347571459
-205474778
-541781483
-103531811
-42823663
-983306784
-175757933
712407020
-786132135
-851803615
47190122
-405519667
864140416
152636876
990981373
555711301
-805728107
-5855863
-312330396
957102046
-992590518
139616222
-628156533
-799567108
911291908
-110446778
927272314
-188968999
-907598251
447687098
-261785476
688986537
576777792
-857713153
369842437
-365232739
-270636556
-723860841
768033721
827058932
-98919051
778989470
66162726
-205492167
-173303422
695762658
-454952903
9567967
-31669785
584689922
13983693
722035450
-129740801
196031706
269915136
-667413480
463588751
739537164
-504785909
779354387
918458381
310430332
-864991991
244546651
527562506
830225388
697002411
-232034826
-493035829
742770909
587498194
442942777
414632662
-514594805
773428035
433965519
739695581
-595252019
-951403178
835046672
272843215
48378856
-497417184
-711903925
-356904591
980481054
291329298
154219833
-400483063
885379835
-244210357
-605407930
697623830
306832327
257706478
601910251
-447920071
-752225923
-294792226
536922448
-836816759
317318845
-324224537
445383614
-883618519
403881757
-186477120
-559499708
-443336636
907332573
612249994
-119554406
139916910
593514030
572599823
825067654
-875601371
667288652
-296000036
-71288053
-182521596
732852246
951921495
96431455
-211475616
-652064691
112257995
-211280581
-7755884
189111494
612871057
-669260556
-162375655
-697928161
570306823
-589829275
630164093
-60346300
184050237
-919567449
-150316910
144877602
937401315
-105877553
-351068844
-918165679
-778473268
-684762825
-781773021
-556492050
-36774778
-412160135
618135681
-383733569
-800168767
-157394781
-414587680
148689559
356563123
-889541675
-290569303
534353733
-5926657
-962635699
667727051
16888165
-728336184
168510621
-175389549
819259031
-374568096
415721584
54492308
-669981328
114062962
-5553326
853369648
-297069197
-36006811
-404619537
-85187610
242521655
-180642222
548160640
315389933
-474245887
-753079829
-220814762
-327980498
931879013
822255164
357856258
998420379
688074209
-173893258
-405420147
-157458572
-606027638
940633772
-220718238
-721715541
760457004
335552026
-664296943
-182506498
-749955666
639107867
109281634
658153483
-976606550
185007719
-840807399
-648456394
301324317
54590149
-209598932
-122829357
134399421
113060405
-946358448
-759253450
440074894
-265021342
-379578453
-181392471
-925721339
183989939
983862312
369875186
-654384457
831944333
18651196
-187259762
-218586958
-823634348
898493587
604349504
-517507660
-350950250
-321466531
255650481
-92092565
-557048002
811717592
-651280331
372850785
252953523
482171263
224335769
-513899158
475774397
-86578337
-83281296
-844042266
22928528
-469482403
-272135021
-274037583
-632500309
-826673712
776396344
-33789582
256261764
237066751
-591808822
-3081523
-85877507
500161774
-917019956
65417364
-490400250
-696567231
-85351212
-58580806
-686527399
766084860
88641101
412154307
-990499638
485766133
-405270534
935605857
512821541
345977408
40778081
198686901
405325352
563647940
590325840
884918284
278465522
224031496
498328168
-187847132
876837189
14885492
336283867
296041507
-973420180
-119123214
555267856
580615062
341152068
-558296497
437277690
100017297
-522619622
-68374207
-235127951
691402099
-744158891
-788047190
-979815178
-333781705
-445233648
122966869
-676604335
321589833
198077696
535083374
-651879897
161642846
812327345
684346915
-268915220
91295927
638219122
-368589127
306590177
-722258223
-461331692
-520586113
-865847711
640735510
-635962092
-242770057
-525737299
-603408295
-197380450
-758836498
835663620
-286593616
-104481295
-817222412
-656880237
993056652
-619737036
421346741
987999215
840601384
-835298807
-985127118
436423578
98125177
-14320788
631130047
373504506
734311336
-275898718
-57845827
685682165
499776751
458413048
370148932
154281659
-198547465
-375780136
882444385
-549902410
702588836
653682365
530127733
867785862
-738005629
244508175
421175703
103444862
-995417209
-263552367
-790552208
-355040383
-175299734
-352491637
-353687454
-498054529
-835963743
-697408037
-552052851
75724193
772542698
-187605693
-851881575
145474589
566828604
-200790648
-827439025
67929668
390647417
-216071241
-201226554
-103223077
450963594
306331295
400431937
-413582965
-842200181
265408929
-115745843
830774814
-484323495
-442960049
-274763714
-431815008
915315499
670190696
859155105
-581235886
339367209
387973841
-212223318
-241461630
379860201
-640094819
-250658690
695587452
-8844457
-931800747
-764210596
-746227418
-563933911
966423786
-651707595
-41574328
808706703
260626944
-924244137
-1480629
-317737000
433067204
-281242311
-877022248
451439907
-787910893
324796433
-74962967
-584584273
-518808263
-771566125
