7000
-123173687
661389856
-281922392
515688209
-90598582
947084960
895067522
-291960016
-572876852
738404435
-903173674
469855751
722490706
-306495690
-552849726
-475394330
501643208
-677161163
562964532
-621845662
652519238
604382355
-371202584
-438804723
-8005328
-801374716
715621158
-190993689
651354819
-826478953
-755660375
895983865
217240984
-748904181
637502885
-133657817
568921790
-532944605
288663463
666701535
293290306
201519548
159624470
-272237551
-912263782
-352135031
-103343288
425599084
758590717
453802443
-305865068
-919788671
-143391742
-351597672
-972720917
-506765213
755252528
613661178
-806610191
-784519861
370312764
-281016716
13688989
-823785320
709752729
-994343509
688450743
-705661133
486396178
160727463
663103494
-758969799
-405029666
-53635735
638823872
6328102
282873643
667716243
-271895890
-22613563
-948025210
-144359118
217851016
970583869
985411136
-744812571
796994281
47607325
-884070603
197006768
821313175
957189576
-445677532
-46698804
966105242
712533678
671295563
-28746771
-619449579
731203346
930318237
894399120
1577890
688470335
584718926
-755230438
-964472691
-336655412
955030712
-963308604
-573850477
-538893222
295025361
282078019
-149201377
-786318374
-145276831
238116431
-879347944
134566839
606569492
686273598
-859333369
118211744
836953987
830326751
915144248
145487090
34318343
271773239
-93493291
571635098
-579003450
-828847923
-585135960
347667023
-162141444
-24524588
-670022751
-219515893
-376599141
908623422
-849358289
-899128992
-810650413
211603245
199910203
-771353923
-619545162
-624630794
350216305
-191314718
635775969
-713009536
-321557756
-751831361
-333108620
-615093022
850027694
314680770
599858594
39579260
342851331
-293931238
-909852563
375205148
-738586202
457678331
-82187882
-976427408
763234213
-924604663
-149953517
-72852221
528931515
-84177379
520141622
774371925
-374307643
-95029904
799683270
-677865581
215032307
-373788017
528384985
762530208
-927764883
-203208748
-479318886
741571544
167612808
265692569
-223464883
-120863214
-820183181
328970338
264537490
964069511
673419014
186890192
848482843
-644576098
959114679
126582100
-288683867
284411792
239367022
702773039
-819579177
-336592156
-400281225
-369952274
-941492103
44786442
-45732657
-38148932
-916933191
-930538500
451149612
467850126
-551154470
-35453814
741623902
-32355256
-69666980
-666356991
-471060392
676778950
-868703391
570049841
-581567882
605532897
32206279
540308764
-590255830
-310299968
-359069073
-452026622
830862295
157194605
751252347
283777555
525998634
-532112490
21077756
963352293
-673739724
-892069582
757417010
336990371
127584887
243347177
244841377
-282077980
916457240
42594064
-711845195
474841371
-103177922
409530424
760112179
667763839
-381493305
-184658144
-149409975
290564624
-207569848
500323054
969165707
-140389081
-358906450
260302323
575710456
-24471351
815534282
97313980
-104478280
-374635467
-730277374
-126166818
-542179052
979677243
-699000981
26479837
-132608082
789550432
-542464768
-252245065
197900201
175157906
-640424123
474633357
441550728
-721075921
-931179110
358519980
-317730529
-396632152
-965161581
-642719719
523524226
-379512103
-155676495
-780206361
858998601
-995940840
-842973585
-905238720
-552994407
642309955
163246646
-84594923
-807634462
714260383
-263471783
544489701
528577383
416593833
-350718996
984939296
-300743707
872598205
-385638287
108724779
710752804
-277403335
571107410
-826012846
-432961963
625032116
474112180
-988860130
160362223
234351770
-475880145
-601106743
-940242776
-734646803
-402778072
-92470571
-61877678
-387807658
-692595586
341277856
939632785
688884152
566274926
-551365467
-522448941
-13996009
-627475220
738424698
881970886
905232526
-578879136
-407501652
786137076
-956799331
532897255
988752549
373395186
266634458
-178061094
69423364
-250269091
43797433
-545471820
-888314804
842405173
-976467608
-710917188
-230853205
-73886457
430996113
784252178
-110010242
-732114864
-136160090
-933666175
998751307
18925414
-151904424
729003761
-544034071
864050356
-738484942
-403350333
-665884424
815618165
948198747
768110429
-689122699
-882554264
-300577870
879854651
492175989
-822057745
-922883785
390878458
393639319
-933484615
370723505
502443331
-39221614
-210697916
-393091591
-286736327
-449625126
652050196
-587690654
848110063
295932898
-498537522
774233001
469446884
205873906
-317936314
-749567802
-218070396
-791528360
-760589814
-98289104
-699103800
-801365757
387485689
567151205
530614726
679755338
-629446419
931723479
282672707
332701287
700135654
450414483
593868873
92637424
544895691
36231091
500385443
-258384351
-656908114
-780613607
227376667
645969369
109513485
-902042198
279634691
739910910
89418140
673338456
231342615
-562453636
84866253
187484147
307377548
708343967
-983772938
-8117812
845313371
-73021121
-742190945
-944334393
225897873
-79010614
280927909
-919290754
-328979312
591359915
551456524
-245935744
-917052414
553081307
-470781292
597759940
-258687389
-726043124
-275267330
-779649203
476003795
590634356
-913070959
-385654592
928887833
468851479
589894737
541415997
-921140064
-689354967
624905559
-362121055
-525427235
722793249
-34346429
889970832
216157909
-338759141
-1427811
-406294588
-5642773
-344879220
890751942
-354528541
-594548060
-983913833
768370102
-886346368
-743095630
933754254
-777253564
42737382
590165607
-797377760
865100401
-936140958
515786340
-950224264
-298153017
641219024
770005294
251115644
-411435149
-881859325
-988252920
-716782003
-719292265
500079256
-161324398
-927567934
-830065949
991764360
-854459386
-455994574
-161376025
443322518
310694329
-966552486
472191436
-653923601
-543941504
-387810656
712471049
-468309210
108282636
172557284
-268394391
964921117
984563604
-555959149
338560169
995077103
-829477209
753757730
-667300266
-536217358
717553664
472205177
-472441245
-719502454
471519373
477122468
201327342
873519309
-942786750
109990302
-799160223
-133532429
568400183
897677369
-936719648
111916281
931864290
-200400824
-222911767
-561522854
-949236282
-351172777
825581681
845913175
783023801
623327335
-416310937
325040978
639462686
-886595287
-628931189
-389921932
-112280828
-137942827
504800200
937699977
702922361
-977919408
-595966781
-770770155
-181637672
-608924860
-76312116
870838739
804870283
-737192113
-222753462
-835496881
695249462
-664778696
341337019
489685071
987505624
300233423
880701955
-750121646
-674970706
-624936409
62671401
-661147637
-793558337
-197621254
108714136
-115519747
941142400
-885216263
103630901
199480181
417108475
363026344
-429728376
401644217
-212802355
-762764540
655785042
459476423
-783308060
-793805487
-301579473
32143675
-574813189
697845333
-713199957
-194868372
374411128
23145367
-658065186
-665221260
840734696
752958236
217011110
70268710
414816865
847206451
-153222271
-899170465
-686863267
-240252174
-785778059
424360750
864684943
301416160
-563151482
767084072
966053852
538355382
-6757292
239004245
-502359286
456769400
-161055643
138028228
928126725
201364350
406472529
-150994437
866835860
-156663365
-649540956
-428380260
765292022
-377774156
197968793
304490052
498381402
-878579143
-781027061
685406563
-923953173
-860095017
-253561885
179609808
-705749026
14745811
743474570
410378456
464145169
833967037
586783772
170757100
-976426637
-717920950
-845332890
181024451
510784205
620043596
916350725
-282557612
97282545
400955969
299376142
824514065
-817413702
-186629296
846849675
-833118906
55249370
829307272
34585471
-961455847
979773248
-809091914
496282934
730053786
-278886783
988723735
-886484955
165882509
316801280
-870874892
830831069
-809976143
-252337801
353158588
334401885
923597459
42167812
158903405
-865232420
-43562466
160538102
286726447
-854194976
-698624042
502338215
867816183
-301617788
-418412552
-621865735
732799662
441667372
-728285477
-231595365
-301746796
382519339
89892425
755776667
354743745
-819156203
751391589
956516942
851587324
-191529356
561607331
-497178133
-753914478
22537286
774005541
772203795
-54232337
631549479
78192964
861756337
358435581
-632900499
-325671137
-568234814
290167381
-4119170
-994962440
460809866
127563163
484579284
37405919
-152773653
-942681487
923194713
122672633
-51916790
-807432913
-340719815
704494748
303445854
-601003219
406270691
-323510185
-639783041
-358403867
663243110
-806058393
-482470958
614544632
207482222
-507124715
618425515
518538883
701596674
-760902228
306614530
352048199
-297473612
-658828408
161776737
80661967
331666794
-287956310
-986841036
-973369926
-560591507
2063896
-810680550
-63163807
-787431874
101535427
775499226
897142557
-470071879
-848284283
478747140
639132255
207693559
597953376
-24517001
759863607
838676314
753026437
-543813600
-883194532
99815181
143925267
156531032
-889061331
-300770144
-412828941
-312211965
-353574649
710546214
-209754998
-253154250
-47985745
-704822910
726583518
286826433
920299301
643578452
-904174917
534302042
-904490910
611072019
-247227636
-686093777
573032922
126478762
-900666033
-668763843
-985943154
301672635
827213113
-885092372
-299591591
-135824952
819379697
-97616035
-598328185
-644198714
513816012
803292881
-128211569
-530389195
-449219409
-779808416
27052342
564233897
-861312504
-784169888
-445288854
-711831670
-794546893
-95191215
-687352291
958358329
-512085354
891419074
590139606
589575404
-873169476
-755292363
-893229996
-68168001
208824744
-425689423
-364691546
-98753840
692062294
700172568
825850095
-843117210
816791036
-261703272
-769106551
-745092598
48318722
-63207746
722582549
438315875
-11718858
-499885716
996426409
-759743752
750490276
-763641826
-79781247
-364160168
467719838
333906946
-200720230
-747716508
-565151328
307135832
234712554
-161705460
188637521
803665606
-480593029
-296002572
-1123324
820197221
-698148687
-408313159
-42150898
904740232
755301792
-981606393
-159010364
-960223267
-460593737
684729805
-391283099
488561176
-176395807
190156476
-517443949
-779182304
785967130
193953295
499848631
840472971
626030350
303875263
175653867
13213466
-244802063
-85480918
246280890
-830642837
304631284
162674078
410065652
-634952292
-559842363
650744882
-153294372
111291008
-720323006
930805852
195376106
208577415
-101868671
-197823401
-55558861
31569751
53535515
726499379
-31148617
-386855752
-918380235
-460333424
-132870822
-735493829
100914772
985992118
-225804450
38923345
379151707
509517360
-943889677
656641399
382751315
819171989
964707851
41698780
-23952047
-231473668
-459066616
826456994
737558690
-490385711
-927003834
-913388786
573599068
796621974
213458637
630676992
676335731
970707971
605680775
-507528130
-466230208
979274321
654351231
-159490072
-611374630
-377230553
-508797268
334420006
333171812
-995472042
329364436
724762776
-38494172
-63245206
-687242760
536873919
525797958
-695142336
-746575331
119995927
910506201
813199926
965156325
-828812727
119577953
823625230
385211433
-913290394
-182958412
927264424
-394901860
397750239
70730862
-163177507
-8643114
-275180148
852774270
744609281
396962360
993925298
-330186652
815134302
-476925344
233379397
781098201
350389174
-611793581
-4215113
-305605108
-557127524
-764514326
541854825
969028967
-347564084
-520477272
563286792
-560163576
-981983796
-115234445
879092926
885640280
646711294
395954047
-450181378
-874123990
931942477
484964923
72706266
-367067170
-579148979
-18487793
718387678
853281947
524248484
-557910633
492916416
993114352
906730600
-842933432
-822885194
666707685
987413662
254764771
946156521
-706083880
773710970
-227527550
-698410867
-990343542
449259308
-557728320
109939773
-214955944
-396369285
625446866
729952492
503933297
786298725
-211376958
297677007
-939174231
-366997088
-929488635
315557636
-596817814
-488541011
-153794045
-277086385
-979502542
-887528408
-776865964
-873318328
-855298000
156593510
664527781
134128573
542717166
-693171781
-692369429
75002677
-136709633
-347434097
138086727
-627623268
-455543371
-940032536
-827581804
397066871
-418516543
-114260647
-785866313
50019174
-261707587
-494187790
653844931
-975762506
-639935388
986095658
590033246
-878799785
935767475
446078187
19933141
-50595605
-329673705
806477063
-561756175
-935987177
-684119711
471934736
468802957
225237320
-112360634
-819794132
-28802051
161949223
-933339003
404920371
304335570
-964250861
440246475
-433208710
-280921366
88789999
-193844287
-593124561
-531029211
13158332
904294152
-262223854
837314938
-78914906
-727403416
365936544
565665192
-444640816
484095957
-440000061
-845325060
323851760
-522830662
339252360
899734404
-739049537
182698171
-855706064
75115562
-133718761
-437834764
-680742759
590229095
-322730093
857132928
810568752
-634594402
501375126
-649505755
-744822905
256837887
88545402
-551885839
-894048573
-567309627
-979494308
462682659
-465812226
283750762
-413801688
629300919
635616874
-574941462
-969300608
-434222205
-138110889
808499667
-580956508
-595785877
468165842
184951234
355980726
275287226
-317309310
-50824317
915208144
107128975
136253902
-410251515
873741056
69895747
-775463903
-119634683
610559927
-267910487
92270280
-17412342
589374819
176141125
-636056335
93044271
-521811097
-732614792
-845611689
-821331899
169134607
16436980
24115125
-719457540
340883973
311795192
-425958070
-515696221
-655122602
-558486881
293103604
303907062
-965508324
733082907
-375884505
929649343
-396148778
-587629691
950442789
782817103
-85514739
-677893082
741013443
448336120
53324373
-688010719
818460461
243945241
-778617277
-61057222
465421385
-759004449
411696308
-254611850
-114845850
950715313
-575723705
891191720
831213239
8912785
801735534
551713981
-6265934
-842067584
815414749
53392108
-522383262
559546462
969933592
913541483
945597486
-601835515
739197552
-591566421
-905368821
889720503
-192875267
679232445
989807594
-285245854
-644603137
-606871814
247175247
660933193
183945974
-237662186
-663160620
-337990783
-381805749
809442502
58027246
-649697202
-721067002
-259023838
-91057083
948924447
-935153621
45990215
-495634532
702093374
-756368790
-526896609
-509253897
-35384915
-39875937
-54718511
-145360752
-532027361
903382944
649133830
380995010
-286670323
-364116978
-3625462
770361191
499239938
48546816
830498891
-219639355
882351668
-549700749
-246209196
-392515750
-932014632
-417137546
774548094
-793084370
363803020
-942850274
800277435
-865317430
-192872131
115725682
-549801153
232077334
712151199
471339299
582815719
-961925875
-376251023
543115120
528200701
174121334
-78897359
891214406
-911135315
-53982330
158152388
922360891
946853926
-413476643
893723167
-304615628
958612089
-647654507
-92256119
425129506
-167150460
-372866767
847053555
830357610
763401352
577347381
-630347904
-77453430
-797759479
-920199976
49192944
384540635
-581324654
-640368429
-194220899
362377793
168534324
-203993067
-143538561
-774738631
-239282418
918529411
132029688
504023666
673399523
285045511
773192074
-270782103
924999592
435282106
459380462
-11400266
865647629
719086264
271733086
-273078224
646510332
-302696987
-285477978
-6354980
991533518
189420346
-50591333
-814691384
454623977
204402164
295582301
-424367104
-517139354
-965792103
13992943
-209400025
399820604
32601213
-376915874
533837034
301803720
353313629
349596995
-538569723
79670611
571280873
-823443732
-690089350
651367222
921550148
-802583291
463484488
-54647194
-364958781
80869505
-812073064
-464098545
816253073
-942500180
498125151
751661050
-516647698
21550019
294509622
-221021054
-351584212
470835135
-549648826
683714885
808818585
231824944
672161721
772437320
752853892
-855627945
339567237
-426479847
-665238040
-986385750
187082976
-781563419
824676157
10245446
336711998
153319719
742075584
-953588131
38781779
817135971
279270346
315266507
963663639
977912465
-446797333
-134921897
929641160
273798446
684995265
772817541
77565123
339065411
146793288
953217718
-704746454
816238004
594365232
-992199888
851927706
212821854
142575580
816598314
61288754
-956853039
220585232
691638610
477898604
694637631
-863179573
615428375
75166570
-607170019
659435275
869578876
-649416730
-293950411
-506639591
-989806387
7792714
-861830432
737046526
515557737
27694755
-691965587
-447715468
248025311
-949402465
-271227889
-410293459
970799800
984929390
81262862
-806979218
365278089
777268264
978738388
-325674472
-201226463
-876689
-882606556
-566978869
-981917465
374657459
-918176892
-766586606
-959438221
-679322467
-182121709
509527462
848695591
474199728
-851297364
-418393417
314747441
25109304
593476153
627665299
172064770
-770230107
752428924
-487505662
-772832326
-591631118
51203621
729958447
-648829427
920925828
507495404
-992384761
-490495824
768540771
-169331556
-841896710
-175371996
583707191
825565082
-22248259
137995844
395002911
-12168280
301817135
531187901
-130703833
39653953
-993407985
-71723736
316237471
-907155176
-175965948
733699789
-543691454
-88660753
-499286988
-801921360
888921532
717877075
857108023
-602431403
-139902070
-306513375
-165119535
-498786365
-557828527
-237855636
276560238
-649395824
972238630
-429101916
-858280984
-998290995
-705017934
50709462
975240142
943504385
468869392
-237438788
511225556
918416719
765815842
417110324
-259314979
944778125
858976220
365724795
446652606
631819539
-623287554
662872050
687608534
251144445
-991148571
-576511656
-355676282
685353123
868283595
366324911
182343273
734350776
-142553306
576396890
-446090331
-18633495
-962173604
-91645111
-739953793
478523450
-562696569
-99832835
-15199163
139885666
726867346
752788833
877640678
-545070949
66440815
673825683
-119707408
-126309798
262622190
28528121
605188393
392525422
-253623711
804979593
-357154368
706412848
635968810
-42763215
-89433488
810273944
912342391
-529768014
795723912
-687353982
4767028
-810566386
-589675442
433104977
907922805
704051417
-225710264
-358901790
-573873827
-443763571
511796385
-991224227
281732837
-162495766
757509384
432904625
802542257
322584519
691772585
832363659
-647045455
177885059
-799540166
505961769
-803498177
-857405309
-142836945
921462902
449963865
-636089653
-909891672
625713184
-528173861
-96055597
194435282
867407321
570249567
308279671
358480370
-689279504
196596038
425988558
263920917
545612230
82596087
200170376
-652954557
-608145396
-273520085
-513213885
437650721
957031848
370297583
-252285765
-399750773
-898255783
-657076742
921604310
-394648758
166801556
-124369345
397729121
-131613099
930301413
467012399
533088884
-274596843
517807894
245762561
307406555
635911592
846343494
-470674596
929845078
781800076
684484944
-827059934
-126569749
-276718270
711065501
422626948
243655577
-656595618
436451496
796868497
907933417
591581889
-719152579
-534001429
-833939104
-690099428
984192669
-128951581
977785332
-379283940
429654895
507800899
-263098833
906364871
-528504136
-218830350
-496052971
809375815
701602425
266362676
-103844417
504736422
-669863858
-222092641
-968468609
282326517
-600423759
-376682252
-725783823
-865028196
-927055705
753390372
1151922
635262197
-761657362
508300199
534263544
869279857
903375056
207819535
320656449
-73196266
23985085
-68944847
-856771791
-798761924
889685104
592961649
481819160
860408540
508041370
-350657638
-569524585
816523081
-887465547
571713661
-605895562
-222804622
278433665
-709277953
-381660710
107818224
-945209857
-434675645
-733590105
965255677
-761205800
-638022289
512569886
326973335
-298680525
748078893
100849163
679486224
510054048
-278405431
-990904000
-350943784
-140334960
-146909321
636926330
553389338
406981745
838088499
268568839
-999780149
-369836548
991407918
312066350
-834168992
-595095536
-18889681
639844054
-415403013
-375507015
-380865493
241457972
-117684142
-503898641
584882856
-615967839
180924760
503918515
163527427
-799729801
777008148
-812621678
-524269452
865231626
-916395415
508212691
909684937
-960790087
-898434891
-945802160
276258859
597306393
-934402063
457728653
438218841
315961653
325599126
-24315407
537161805
-889788530
-829373433
281656858
660412048
133548968
119411278
-490070600
459430907
-900781522
-918576958
-516863238
-360635830
-346074746
-480870217
963599644
-280851656
897328484
85583749
-163001580
-527706470
-454778430
153981351
-787720300
-507856996
68990841
988800683
8723068
-809714045
379768768
112352139
367111014
21203638
-46440891
-985069791
530869855
68771644
-712531942
744953153
852089224
-273529789
928397699
-796434896
-367120604
-985232625
-625923824
-567229212
356559835
619510721
444775137
-449175269
383779583
-422676823
-856561745
-768527009
-227189233
46635887
316272704
-171228544
-120461090
664521760
-3008208
106088875
-951809679
-228261661
-171348289
-585081100
-237151545
-543236456
87312888
198247674
-785518589
-163118972
569200614
370204027
-434036900
165194864
-812084204
879501859
-838967457
549567123
-18586692
-23262119
124565686
497790466
-772904514
219439737
9191538
-730929687
411820549
-937308429
973245771
946130084
-839694014
150529909
299822807
15455432
-15859177
-165601203
-642108323
-956907869
389373927
-416379446
147772242
973507063
259378612
979541873
-726217021
919291592
664583559
-96445471
762151181
-845594194
-134795208
361360924
322981875
-352265467
-456671868
-660947435
-959535341
-211408828
794708349
-960233501
-600835461
865804469
822748386
371649770
147589683
180277153
478070136
-568314077
-685637553
382287846
-744851655
-598550354
55765040
-330432983
-655998530
196014937
-790446180
129954845
-953399000
-992325229
712730289
166783207
746017326
-703027401
-680668324
-752872689
-373298467
853009375
-795606470
98179567
763859175
84247904
-89821838
725602906
877145736
8388938
828659235
-538279388
933939057
-723525368
634621594
-70658268
-580079311
-685440274
-745868057
654309306
-521098828
990321967
-796759394
-56284048
-622648853
-276206707
198239584
51832354
235860184
-688623992
658228995
-459853206
408525299
-873236635
53551892
-646644096
647146613
-985838946
571966575
453162861
415722073
29553142
-363731672
203851886
565653144
829506689
973449457
392234017
-869871020
446546762
-775568375
-255065855
-751634520
-21618180
609484440
507969973
-423359840
-82833537
204518062
-945225292
317982297
-610626566
677849624
-654118715
-157268701
-130843763
23870222
-394193915
-733992943
-739278621
913632783
-334827972
-465239268
303696550
226687795
-442569532
708445825
-895383621
344558686
-287365072
-276933387
798729185
-713669931
115122881
661422510
-97990433
488730030
513892523
-453143920
219182710
419059978
-232402373
698197690
273421963
-638633478
705577733
228331635
185253927
-355346113
-609006485
506253967
843619070
-849819952
-18916311
-281518990
143023800
814820353
-660622950
-466201506
467256077
216591217
-106980480
449122972
853855287
915421129
-771189659
-195936875
407796953
451863596
-647224436
-619620345
-900904541
748549104
316706314
-658820268
539453315
-392554330
-872366943
470071306
156720178
903613587
501383974
665220410
437620051
447353054
254404926
989425012
797217160
-389306060
-702803064
-665308172
787294206
462282124
-472037322
-882713811
396588866
873144501
186674157
-546243150
849301324
-104006958
-810015875
339737963
-664450977
124828587
-457322379
995724484
-500689861
-937206131
-704960020
-137070280
-698096752
559949439
903556208
-703238666
-728905181
391766669
459643360
-960119059
467722666
487612384
857493919
292698868
-934007598
427732893
759598255
146046429
-398987244
818135931
-803713207
-768127233
-399442887
-527097549
-662094979
874671415
-151428087
-134187031
458060358
919797931
293882099
510450389
54943029
791541561
146522443
-193042357
65310109
-114009640
-424101408
-828339584
-450997352
583504819
600105340
-672926773
423844920
-854812782
769286255
59121696
-29368183
-983288849
631155255
-802913975
432459658
184478787
-464122746
-388074920
512828468
-487306153
561223506
169578925
-400693379
832786597
-928614616
-534924565
847829641
554071797
-185870718
545212865
-734340138
-116779207
-894177038
-850758696
-243690977
-637019993
589384529
167009356
-213666122
280549270
478514779
-28156858
947874628
454163934
-610649576
790989036
99946755
-32669003
711468138
-678849518
628385211
712389422
-233358388
-904843001
-545502985
-42305476
814534920
-279370086
888644957
850097317
-640868260
-798722312
827276700
477019399
418914304
-984632218
-636661678
-685862455
-976866604
-203280541
963131702
216405102
-234197714
342620455
-81252150
822223115
-493798218
623790884
58479664
-620975628
573782885
378163561
-697505170
102528095
815015565
660082495
-416596493
-310262528
706469389
-491806515
-764260959
-221138029
-239990120
331824395
426964629
-425021598
176544192
-996707824
-744111259
194987761
524079386
-860730686
710122547
815176150
220881484
-128425197
-867410025
-763893064
-825038916
-883915661
-33718942
-151191312
-464616304
-502215044
782641258
475704889
831777365
-350718259
-923631986
-311126165
-937106116
-526016178
-819196733
403995403
557333529
-634265322
564379674
-80542549
-826411482
665829179
-246708871
-617156069
842787753
514290391
-309102080
459010774
584671090
945650106
541251052
-397037577
-710903825
-111435802
386487472
207885541
-941784690
-483314812
225656193
-600141004
777265566
-583188836
764487792
-76829192
-441460890
878210341
725724858
940047214
784291145
-62796050
810229557
929372910
262182505
844636914
-329562670
969083367
961323115
27424206
820603400
-238948022
-323329655
601974364
-135484578
-515317005
-600327406
-761907916
-659672419
343548297
337221922
-425847833
250321506
49809055
163599780
-625646530
634508151
-455000762
-388222490
396190772
195584273
399755850
526528209
832699745
50483426
630118396
149188808
189541542
-69659086
-564222357
225753347
-143261383
-77206373
-559410300
-187257932
470922640
-836749056
-879322192
-474708345
33705798
349661461
448345170
-457790657
365034246
-360162914
-544185596
845853626
-293838044
-618418596
-924805475
-723662074
951355428
641172467
-959252277
-932422442
-264297227
-138156179
934422648
-621776546
-916839583
-131363840
-683856509
898179232
-200510339
943595606
666521340
-684602005
385832418
-794682665
809706988
650185616
454521650
-863613440
-722994262
704784174
-368815295
187002217
162230942
768691017
-848528125
-590434908
-799089135
194997859
408866708
590917827
539509840
-964789257
-241851615
-194278314
741364265
105640315
822163271
499632737
622278782
-82794188
16374098
-362338803
250200832
5480623
90424840
154934485
-155986673
774278403
554127914
-621687920
837272888
480847128
-534127980
236006215
-41937506
-103302652
305871221
580381703
605785641
-327088718
-603922919
764679265
659934231
433236501
211014
-780849453
-967040539
-84864405
248020620
245053975
-986792270
-57340645
-782729532
-624239777
-796499725
-940630721
-670494311
-750389761
-294765442
-874357099
833561500
-22213605
214716819
982289360
836831640
-410074882
803910727
647126584
561512288
-738131274
-244332134
115502749
-761312509
-638168986
-356426218
-692966746
-124059512
-609649472
-354949999
145254328
702137658
565580608
-945354677
576001800
-82890619
-181806447
-154099217
264640185
111098309
-331560671
639508260
-969870263
904876398
159362119
467744911
-44220985
829503037
-287637789
247986624
-379164121
-637215927
-169399913
-663314837
-531481337
-337777086
-603569080
417324659
-459319344
298322254
-163303146
-798423844
687109156
707509285
-646920349
-911512589
613660177
561997757
-340800825
-520032287
640808830
-694225104
-955706510
163046106
-898517754
54547954
-702940523
210886042
255707999
-286539455
118117152
282391776
347163764
-903412888
-286051050
-397813687
-895190871
-184799041
-736230528
942282030
426853586
476321653
-933869310
-533574829
-208256796
-956732463
-389248058
775630498
914115690
-290186649
389551252
386120815
-632272892
-694048997
-448511788
653447541
488894503
944287383
263064290
-625188810
851142017
449977941
550850327
-537655905
-330959135
-788574994
-260116324
-397756998
716241614
-155462057
-139378608
-920027161
344309616
-37320170
-919816178
-992563262
-610503993
94038092
869381576
992248358
-778210650
931031698
733175213
478402308
601630114
-649848639
521354194
-269552207
184474641
-875879228
-107322411
-858058884
157819423
512565166
-785080272
-736787301
-405480744
393844501
784763452
-730890822
-97660385
543405154
-519075064
603224757
-652353505
-786212421
732543263
-113947823
-753518196
746779388
17947728
-186390490
-790884729
282785079
-430742530
-26731346
791475605
745386898
-27647737
-139650439
-475811041
-869457465
810804741
-805262931
489583920
-350540820
147362742
926179070
493835080
-976103371
82634575
220050251
-801467701
-705891324
-58928649
251684905
539797842
429498
564041579
-793921655
-787062076
948773556
-105099643
708519251
436788460
257406571
202411080
552679800
-240533834
-701505079
-61032942
-221560598
238903287
-297704435
211472295
-638718176
-51579930
-854174463
308656608
-23455411
-503572292
51292325
-47477070
773812997
99079542
702795023
-489975808
812158869
338706031
500726868
418697941
-442331696
414385135
-60961101
-216583099
-350426661
-210188692
-276646914
558537994
-967275566
-442723263
-274151202
738377058
-723326305
-363166234
98512733
-337699201
-880582988
657438834
85867946
-525205956
143933307
-656841728
300634389
-19055822
-956314306
-628619839
-930225419
425599957
710698207
778243244
338290064
59382285
63072786
-149872524
-192696604
-867059343
-970333768
880575712
142957181
-425272452
603473856
77132043
-254674561
-375307536
-753177912
319756658
-121826705
-636602700
196917941
-442211128
742705631
-353351284
225829462
-358985243
425249219
517147157
-780487002
54820506
-622510162
939042059
-778819018
-288482715
-789699894
-200803412
-311738060
255942532
70431793
-686284118
-223905464
432885391
633838067
260143095
591817442
14392403
-92928740
-411939566
398647664
-103614621
-934132831
362877679
788000197
719805617
-221586944
-196485717
-147804032
523852716
-197985626
-741429118
-504751907
-798417725
-871547319
278585438
-282749030
501749719
-284079895
-290155502
-83517548
-999812045
-548290602
-917462435
397616892
-351202640
921231000
-822822828
-737955609
378791148
348014494
-978080560
921199690
-352961158
-928175337
-601966593
-324574548
-604003488
-611403606
67643796
321381062
-326730414
-597417493
563710818
-97416368
571219984
-430122341
481262663
506321670
891254178
-96345395
326666695
-120850933
942261951
-795954943
-958301930
-724689855
727132227
736795219
-733254556
186493375
93746753
403298438
800835461
526515117
850282568
595260226
-802638386
-365824916
100702027
-992613072
507217899
-274021153
785343804
278297720
718185218
-365492072
789609358
429401905
-90296503
244391214
-862403121
308675620
-828968163
255084590
284985073
858743457
500385836
-964883679
-631669092
140147293
94868775
958578266
-531755357
482164304
-865542043
573435685
221710763
587062883
-659399922
-459923287
721473468
-423194561
39039114
695221919
446227770
415738876
-433807132
-492019786
-192611533
-331687878
-632542313
-938464390
-868239836
-656487779
-885199134
-410976346
895546228
220537520
71745733
-896106648
458664687
-564938548
833975787
268525859
40878892
321848964
-819595083
676112316
-312738784
-854447145
-368217621
-754924874
699258546
76134518
815300335
394983265
-543115993
264904221
-846856201
287201638
961468638
306021913
-998036041
-199810068
-721623827
-528943770
-988924927
-883091634
997456802
944458544
-715627780
592766136
38455082
933510808
330826793
87203722
227156813
-526328216
-727509539
831438956
480263920
241645808
848881551
-396012103
774071724
782607027
-834886644
-419016033
-638369208
-467954855
-188110853
523587128
-607367840
583457198
-148644764
-329630684
-334647541
35373469
-662216731
466371604
-104253221
668242983
-520494554
-791931044
840559695
940866117
-854389752
-434983403
-121042166
856894689
526513370
290898977
877363643
-735585728
611925684
-148989730
-881358221
-270488940
-424021662
384791711
420118501
286510434
460295808
360287370
-710395005
971524051
-702197376
-326285435
-598393285
-781452724
193763079
188607682
-735149546
-652749745
-859632805
923440574
355620602
281236820
-411108182
-243104178
-885620377
-430101473
-946476561
184635158
966952641
347824889
-927643381
-684664015
-322862848
94409574
963656801
-457886577
-291228099
670842618
-815713852
-892900785
-498744002
857755225
695021809
518334023
828684419
-243112478
-54029234
-128562922
-181770070
-303796598
911725231
-274600447
-95751663
240844795
497782205
846110690
-737781235
-213709439
-637493015
543362699
750964969
145984382
444482281
733272833
-552668849
790092507
531574573
-184416189
-671848404
-887331984
196550641
871208201
789823322
201849656
390295315
661179295
942584765
236749684
-707613200
-584719147
834620178
647472402
-460494034
886815350
918146495
622757238
-282771838
797365852
-881853823
817236820
-583138341
-435923941
798421248
651256614
538209774
955926487
614698071
936353643
-73875789
50369842
513810515
567051851
710759871
614146626
-319719573
-614604075
-96332135
-524520008
-933591409
441010257
-930624053
987630595
-525054578
558805313
-552012368
957728455
836597097
-12199119
-333601141
-480704431
516697935
147948651
228037548
-177320361
-52963966
-915233354
264941633
994431642
880235562
661114602
-804710808
-956790046
585049515
-620171223
478876658
-932817428
-558419313
642512433
885242816
776820587
-465156035
-861866689
-923704804
-722431403
-405213612
-342907491
-583465009
-99880794
677782595
-161561229
897689069
117350444
-272464067
-399685827
427867647
429441153
-70772470
-826569909
409916065
707597183
411324862
274633756
704914807
467889688
604086952
-725238240
-713527477
-589672066
508403965
-95639040
-903073711
-698696146
78441439
-424729218
-117619204
-656582445
298058954
387243963
145315298
145356455
-306109799
-280455974
706211566
-945191502
377533341
672134240
274256661
-792528195
-517132675
-982944994
-774581438
-415725715
173128660
-204500417
571839690
-874911088
132078987
95903632
239062084
118440293
-344063168
-657322632
663223469
514602953
257861876
605125889
123131655
216950942
-715368967
644626069
799565533
-358144836
517173133
-278591724
-44988445
-20268430
672374908
702987156
-680920919
-196118813
851442910
-187761496
-239184482
-745535167
-538171882
170297566
-415483789
-705823195
862257949
36887923
-850338895
-931115598
535446888
901655322
-981952436
310124970
-270695968
905150134
-282710479
632235028
488907833
608060954
991933227
-519529956
-193695626
560238459
309965702
40919585
-416588252
-344094078
-150989959
650611218
-112496059
-596970383
-946914603
-308599452
-978651047
-248938468
144580902
268441993
-728337325
21848902
-267288356
656153599
696358462
858013780
-957736203
-142194020
-646041125
824912599
-949132735
812155558
214203396
-75651360
549496421
-403750433
-505540977
-513788544
548825542
264893896
-122610750
381972774
-778401301
302714023
-688370756
-578404416
550253641
-515272028
-878609274
817336042
169552293
523267577
665061360
28911473
844816657
-389812662
-304356648
-302694054
-457414504
-413744433
323336233
519382335
799957913
-120851753
213952629
606107442
-439717558
-702023610
946944732
428007927
-252523537
-808817453
-241120927
122428369
547131486
990075387
-928089001
1431339
-164107076
-691175308
803705323
53943767
-415374082
-788947760
792532790
214607942
242891755
80366814
345302265
612998524
367995687
-683254183
812141313
529723479
-162260057
-386112218
-942124251
898377053
264368036
931489492
-566886966
-995024837
381997780
-487670132
59779702
-552830307
-102849447
-318881728
-96635333
425759561
421343972
740109133
55918834
-170637051
247031140
980656053
923219075
53797079
769890174
-657185160
146727282
649343675
200868964
-952571259
488322951
-146002071
97328790
876294141
498622551
-485962678
-739288753
-899601137
816104931
-335368510
-771151949
744412440
177193122
-796010079
255419678
-896707136
-670282283
389402346
-859130013
-191177967
811420108
-704182231
362434905
-452671346
-362459457
703723451
592435037
496714961
-755347326
-467522883
-392427269
523584811
368937430
-301478828
-432026210
124920070
-635764439
171551779
160448889
-741292885
654768914
-945498349
-726257684
928197138
991950437
837857253
643362108
335873006
498676200
794670911
292355673
219818713
865497881
-964180593
879389441
25070421
841108084
608402386
-451126249
994392859
-697883486
987034556
46576590
-123646691
221254233
747201536
577592064
-840935922
-45756425
-889579453
859766936
-900360451
-6685291
457763927
878448610
26305227
-157472497
-32175175
699015605
29911576
916285043
513937266
449828512
758384548
137960623
-49887106
-38983610
104682530
532400620
160359315
866534232
-120272
-296709249
-910635683
93596133
-240807791
881815295
215347317
-14334447
34477808
-565442002
501635346
-78685344
199379033
819160532
501580488
168435749
172230267
833634663
-718100753
-517735507
-695472847
868663527
227373042
657053820
474884074
-352774210
-403122955
-588862005
379812280
176612770
-707126879
214529209
-663779534
-281850604
-211156246
-745907608
599082733
146838726
723740062
345493281
778766174
697795089
-987745935
-109646845
-91991914
219083747
644705866
-985277877
-751414186
-436660083
67492090
467162799
682407619
767342660
-688139701
331404829
95026905
569327370
632490072
304092932
-545212378
-27571195
292931240
-272897727
-296637641
-457015790
620539306
16500120
-665331521
-324502116
-501066992
-661683888
-441195895
375458918
316273659
-991989489
40663271
902262222
748564271
-523729055
467008822
118769244
862950672
-682245712
-725315547
-380847494
-471785446
886027768
-598126556
825449887
40049289
857393728
679526464
731792824
-958451188
-290207033
569815177
609422535
224664887
-10129060
966276619
-269004127
-928853767
644170237
379560690
461311002
839643537
-288831960
-186635402
-270140146
-912743906
34558673
-951549012
345534056
-972593283
-730391404
362915102
-420610907
-124448208
-100097916
502052694
308349806
824693291
909776680
-623030602
-389136272
-860240985
-802363794
165304218
926756725
748787114
-500392473
487476857
909540765
948865201
896253569
-792778870
843705986
388488892
225284593
-335782140
975092453
-280032662
717474287
304152556
-380165482
-426542356
152443383
651323018
80196630
298362141
-466753066
21202555
-11477756
-584663362
876294204
-270324781
812538011
-116951285
229807863
297154944
239976543
191043720
582472448
-862480436
-306637438
928182147
-200167565
-921557270
780612942
45742754
232703337
697040553
142559366
185134338
385805781
-822459112
-920970287
836747727
122675190
-742714435
-60411800
135393112
-111879153
616431754
-255544730
877088306
-421895188
16835956
-232181504
472646002
-407485066
924991451
362958010
172651871
524248953
703390147
70828582
-12589928
-874126500
621479
336386796
-930935061
61072196
164777564
-554321515
69234594
-145066735
979630026
-545534635
-836911446
623339730
609881276
-151776110
-328206394
-763940250
333256686
-814543262
199152586
915948263
153907130
74843352
478207880
428483147
686931243
-704777378
960231205
-600497487
540190043
742276090
967536533
80250935
-81675841
-751258575
-399534787
424594856
690761078
-812295547
284256151
-190528881
-277472268
110170269
46320463
-384114894
236862172
576233603
803363552
50462044
837848621
-506645489
325346257
398448267
-374107569
-23133050
-408475362
-191312335
-240910157
-872425889
-292743144
335238037
-344351489
39477319
-380320135
81907415
308887556
-930464615
41417193
-8656439
181132944
865181630
-61665702
-574417247
-913221948
985477877
-820703419
17917095
502544342
-32954031
19179282
-899068910
904706609
-980094451
500639498
-218630154
-912392991
553878752
-4592934
-470416874
660775588
498676721
-365776770
-376444721
571633836
374775774
395989196
-424572051
961076098
-417133410
775543819
296437290
977917884
332455088
47574262
-321854342
664817853
-551755012
-383281976
-580467229
-862199542
-990640900
250983221
-226180610
-564476282
-26158849
-720760301
938196937
6709389
-61137917
-321732239
-578561684
-964088138
-389496222
708121305
999107098
864053559
-329124001
-242415670
927123674
-956234210
449329870
307553258
878767186
218137832
-485184946
60088958
751706288
710254077
665486282
-458682818
717704589
19837303
568772919
255106884
-304550942
-222999096
-82179233
69883779
-786901634
12445566
736331864
928847942
-399237415
-7024061
666570983
-625162226
-188745827
355529316
-747474753
-940350794
653651893
-546511864
387218420
954748557
-359804060
-157142567
223735254
320021291
567679532
42854853
-230342160
-464603693
-714119921
284753366
-789804277
-733697531
329045479
-773151355
-38525159
-922611628
83072747
-41870329
87080862
-804289532
537843467
-879629025
-501005764
544175811
-127601735
-800388918
-843619088
-654209265
135464333
-466736269
510703172
-306624948
959328117
216837155
874077390
839948460
-822498038
-24500441
876922108
-404591354
329864780
-611611660
884231929
-164056953
-584394144
229115845
283141803
-236944788
406344588
666238902
110197924
-913690783
750519109
655842891
799911202
-427820363
-11577632
272056951
-227738913
374492473
-231699701
924227819
497395260
863669293
-994765381
-959957174
-724237223
-326875187
92676502
-62789191
107822038
597272013
-708808718
-257496708
-87875056
731734453
-549059308
986114945
-311159427
656862868
59881312
437002150
-871456587
14133529
-913966286
-43683344
-393058903
289924809
838532190
497215538
960057025
484198871
-508528097
795205530
-979544644
-116674770
-308658699
714402142
-810447729
-348213848
-380001510
-964371498
-243349680
173944358
451353489
395821043
-232003263
271745957
-224744117
620140666
844969976
62548803
413658709
279848588
-439450296
-528988725
-745726009
-182231289
-718747038
160824757
-482760178
-300544744
-552441009
-561937092
-953387983
84427710
974953776
361481154
54714950
-252095100
-104265995
123603150
-551607015
-175838108
-646716964
-951789974
-368596920
390638000
-128233400
943806209
920941964
-296310404
87494772
-117859536
50047533
850449862
958119023
687598116
408489624
71206792
-386922599
-765165248
-740257764
-814363690
17873114
-619384575
-402502333
-155189496
275950598
151846348
580690993
-21505702
722601729
98425747
-963433229
736030107
-428487145
738116241
-821694261
-519071042
-947079909
-544712913
-439634111
983561447
110392151
696186606
-366673826
-736920629
-181320281
796023503
-125767776
332028652
385483718
153213479
-788387749
-610461393
466143836
231602204
117116892
721375460
-297469449
407487925
46817166
-394256721
531849953
-751908351
104808204
-75460439
-211510801
-9199957
46927999
-924582197
-671155084
-622243822
180284714
-261125445
-134956173
195692251
868501235
401230572
-219299551
889542555
-683290403
227063589
-23624717
-190949842
366336799
-24322439
-762863323
-365151668
-802604131
243462673
156689125
157985573
637950396
-755512157
896128829
388816084
-526941555
-115215625
-554557922
774260146
676560742
-518975542
-624917593
674594958
270727337
-845992888
197049003
28418842
443781093
-25267783
675815239
965249254
716012472
258131329
-1078249
363619403
804567136
576737459
132039263
220696685
-502355864
757021167
78054521
-306350449
-441198403
970100469
-894133736
-768521133
-792566923
-53215584
-420817535
-842121018
676860367
706557431
-686017662
-664053980
776851735
-686520223
-499812350
-767914300
358911834
-711851055
64425933
158646536
775457642
-177480389
943826022
-187380306
-453704201
881192024
-240339200
-201296041
-947967252
-366987467
73030496
-615225595
-401545980
-138568961
-839733053
-641069359
-389454079
-781176717
429751251
-444512309
-135184395
-379741382
-809005366
207796039
-439504065
-770064266
473848439
78144529
445591326
652252804
-959304204
694412304
-765151144
902130609
204884794
-193662955
815325340
993023779
781191816
-619998011
-256490154
582414752
876161973
-393584899
757218027
580566565
331289303
-544821698
107574357
-455199496
-669111580
-274143258
-969497642
514464538
-403264327
908209502
-717870295
-909592356
-156782553
651922014
-36914624
638793645
506625319
921733241
819298258
-245600793
842792888
650502962
-706636293
-479596676
593001453
-550577830
-582856688
-372746651
637728825
-626968673
-223405725
-892740769
-906715126
-763861916
445081232
500198401
-911980356
380325298
-85770308
-786890133
-87815632
-851793614
-756179734
-145378651
-59284025
-408169978
922343483
830954621
-51844755
694269046
-235589607
901130265
467231135
-12042083
822422410
-786758577
72361431
-575737733
559818794
-609591770
-299986193
566405163
-613897553
114030199
43657074
943228304
-538357971
61566502
-47206430
159152517
-43273999
-837976420
-276429044
332057367
202597215
-922764589
-570570663
185122439
665344655
329431893
475410742
701364232
201545494
-586832677
171347635
-685591467
-485092342
-443568672
549297652
842554307
-117639465
644101971
691782613
-345258482
-780632782
-765546681
-246520895
869291259
-740594752
-64368128
-502530870
50097289
-718704302
-990011674
-359849200
-726616251
834316576
-932771675
214008081
900020422
-913763767
-445914495
-618520690
305558209
-551322441
-413950088
-294228663
315067129
-346286068
542889974
619196283
359408943
886405541
-657722037
931741845
938482472
-229462129
910827775
-200667533
-740205043
513605345
122122412
-657408124
-403995654
-322699243
744324272
-176404927
561498816
343062956
474405659
-350379665
575419589
301208023
797309123
-49055860
-422681511
499089372
-915239896
-824039011
396037449
-452715596
953373850
-259777049
64704860
-955488867
-351972331
340424211
-903456106
-517671812
-968114029
-181214661
-162763402
-23449323
263391861
989056893
-782122075
851630246
46628863
828174339
-888781425
700797207
-830453812
302785336
-939649855
-846586094
-384912636
-590740088
574792482
746782037
939334822
-817870034
750895312
13122210
947555549
873114107
-252290773
430397962
50043034
-570175303
-232763300
899546989
446012921
-838742308
-845712523
334896958
458098639
453840789
96463451
-125769229
-529878313
-451029649
-335381898
-713068193
-686280868
713766212
415739345
-34828170
909435472
-707132149
915728545
-102374325
-997694619
52369560
-803227930
815309289
492141592
-771313516
469943187
-727716128
32285366
-319891587
-23947736
-471232596
795502530
-668585741
-557166767
-343590454
-463338939
762637285
-682243944
626879501
-984663501
328671240
504626572
-661028460
-886066337
-17645579
-23578797
-581448256
297008087
641566455
-807059015
-136368480
-748194120
964674299
980505034
804893166
969539198
-917666734
-461213652
-373856060
762822940
-270761450
-934064630
618492015
250972590
412775715
139619414
-188918283
-750946458
789519485
-861267131
-784908532
316714744
826741226
984555863
110681293
614317874
696894704
-757277920
-88067971
-712963860
994625821
-191950631
948878054
461337144
-91161146
531031722
314695927
182803059
973275219
-32369437
868944333
-94035986
-727698519
-156125823
-536076699
-95227513
-148070773
-991861495
-182166033
-366273955
105598589
-141452927
271631485
353620147
736815574
-880199885
417661369
-792662519
-289828393
150979366
-769626819
176994494
-909542574
691617285
-183718361
-918463477
212822175
234430980
249114114
170622562
771561037
295168865
233805115
-182291593
297702254
-703735880
-327025400
-969168045
110223087
-788256588
-935974345
326872601
3702722
790971373
927631386
-966362667
210368593
-802149494
-674529149
-951435883
-480457650
-315829529
-101932691
-327545305
-150313566
-640785172
-811089645
554954352
-747715041
884562259
-290172247
-109278992
-826665020
123849036
196778200
212729084
873256489
-529054776
-774511576
-285990824
-843817024
-732908040
965241855
-93958972
853483103
133517804
64865241
276812612
586224618
265566153
-802640519
-720969049
-505241785
-140458200
-615661787
231447579
603832390
388570682
712516269
744963645
-616257672
-566193690
263001962
194449478
-778113328
-688166261
509863364
978788982
363344738
768651736
417804456
-640211171
142545784
254972857
-903598217
-982282084
-363294648
-184508980
718535373
-856505568
117506870
792183373
-856814508
17574728
-997487825
-759327437
874777588
148965985
-259177814
243299791
36459683
-447969791
-58775067
991092717
-783976110
-881471168
669471152
462144272
-461070768
429391068
778626827
-861252051
-276257813
-373130231
84726041
-99007653
229556648
338965919
47010753
46946939
-851198653
-535306851
-193482774
-293061930
-821294823
-938495000
-255709492
574251993
-56271677
-956710669
-54583427
-609200760
-360023758
-153562242
50461733
122030532
344188446
-847273957
348487234
28375510
777315173
-2422489
559546706
950371519
585287665
-395496243
848138606
364588497
-639573218
626275466
-978234794
210355975
540142274
-231867300
6339430
-66278049
867917433
232005826
630935508
711395463
-643362742
-228374092
-464954744
76488104
-591261125
41698912
980471613
-797490892
-647727889
-414541951
794034841
-16241065
-159378679
866423588
-386500931
-143143997
80725390
656070358
-910668446
-549079046
208679596
542878441
609362584
-759957424
-867138328
-982569204
727798254
-976827673
-622305340
822561539
262427323
643634650
-117122636
-743406160
-653283171
96766400
-786775445
-537052214
-666367434
211019812
923099688
-962753682
48771977
294978504
-623080266
756054745
-582819026
115098618
-394000166
-389316369
-562237700
-628859630
-336685281
179095406
774458704
804750401
-188872035
-950090630
-534193439
620024378
483696396
-178798985
921594913
-454114626
-95760781
-970586753
-762243250
-214627148
688528413
656360871
744737521
-3239087
909408581
-608854788
-546949926
6395418
468298426
767944202
-972576748
632442705
-760337995
-539551492
-349134956
889418089
373613926
-243350796
741342763
998777122
952320159
-519474754
129137333
-588682713
982348430
-432501811
-681503049
981694286
-37015502
-454210942
-107141483
-84983592
628832864
851363249
-625730274
-207971970
377447998
100985389
-268000453
-290150095
230425030
-539136858
93445861
-990284506
845659671
488436019
619672970
-476430575
-843599724
22036977
251378979
975643966
-718887352
334598715
158903364
-124701531
354249645
-378468454
-990418585
-382630013
994988238
769602823
-876800410
803810546
-963311045
382591342
539155140
-262568646
-25997264
-338511195
185963719
516628307
-766854595
-870868568
707990014
498347124
325828442
-415165630
940153048
-328476327
-742049612
-133877362
607389897
314061229
-613663607
373653457
-335226925
141954836
-963304369
-17481323
-696615276
-498371
-396419596
-803126819
-536024791
737659868
-603722714
-218136572
413844042
879452956
418202263
508065787
-521622066
-480157881
-10259705
-22247123
-257888534
138823225
414669534
-221443034
574638688
152063923
-643057851
-71532435
-144859651
-906483903
-706069699
270480175
-720217588
-866192548
499143291
-624987783
941095999
208359486
-323918507
517325231
934551168
-961724455
-510297515
-283638979
53718995
-777686290
56861847
-437108561
765718867
841960990
-42479371
-783708452
-266179349
-419698186
499174422
-835356302
137846922
273341726
-601700936
-365110418
952393727
677883867
-624391381
351463164
-696589777
-826691916
443584150
-463507791
-216898272
446107329
-938529201
-11767657
-576935778
-684941790
-813695560
770238329
73088496
753322075
312785880
407327227
379277647
34772684
281821776
-741986183
-849954165
514825496
670530724
-584473158
-72589429
871166816
841337628
462340781
-916628171
-620801020
-470123189
-280731612
-522190116
-462368279
-643047195
-15336014
923918182
369816656
-587757635
-319579872
116428085
169349250
203558531
-674069035
454180911
184329318
529220203
3589930
571827036
-931157613
-541582893
281340186
-374352788
-466301560
-216555757
45549052
542279799
-493504648
-412796288
-31618632
572738483
-501800223
533377058
779331454
-758787332
-442556711
-302608955
-189358719
380328708
-542385058
-208018909
112272921
840857569
660755522
-534394555
466589436
-952275561
-728339741
-626746510
-543138911
586062495
-183616354
178054421
986060965
841434096
-546285839
-194397446
-297620402
-999780753
-869089158
581925347
-883383100
638411912
-797924547
-41919684
30552906
760242022
-923756265
868826914
-123812612
-376069648
-883611856
-607768795
-251553367
292954395
-149057215
-917484914
898307125
888489510
301453990
255308263
-52027772
514249944
323357425
-991935429
-544767687
878723055
-247402705
607164896
193335843
-321722408
850875382
-191556227
616367463
-900269060
-286739882
-325389868
-773856833
-525233700
721169819
962116307
78908137
761542736
-847789993
711647878
785768438
-998333101
756494773
21832198
95565860
-342916241
-871101180
81328109
293442690
983660451
-424437626
-183153189
-189562704
-57893337
-998358
-952678798
-991262312
190832568
-344947814
890076581
-184016640
587046306
495356499
788116230
-412892142
-119958780
271814572
-879512378
93219940
-313059187
693801519
694401934
-362923491
947365039
416184481
98847736
-247219767
470040123
372922009
-564315023
-580319468
-688560810
-369571254
156711004
169495194
596587804
-232264148
-97284056
-94438770
841850599
544596694
900439997
-270093401
-823401314
-84030996
-827588596
-414007214
472016264
-884635663
283124258
886248401
-226960298
15697503
-128147244
633247494
232168230
771607010
32780139
-682664796
489128767
-325856463
454096153
-494053103
-127711460
-78270849
-557001008
550398860
-416009967
-592489008
722223879
-480486982
-570492936
-513471877
-967264326
734617604
-366355395
-718793575
-141857048
413921937
-10933291
404630656
-364459268
204525919
-188081766
127240743
161688059
371640226
144670719
-987400459
56273212
-452555117
404583244
-569257030
629284382
-518069143
553664825
-739821556
-451402600
467823101
-272860420
515782421
306761148
-143470981
-813318802
524950583
415569154
-703647072
466747684
789658214
772965093
574311384
543888998
54050613
-816247574
-597586020
984532360
336653544
297956654
832598033
-530080508
-827889217
-458438963
-664259753
599044130
76823010
-774626112
161660419
-473751638
678913271
507130777
811067875
851755050
550060102
-584556794
-721092818
827994407
-263666473
975886507
-654932246
-122611740
-963809574
361126404
736434497
-147362390
-637197377
-571809926
606014208
-779129833
4734547
866592425
626196732
-710003565
-679234274
890770017
101431910
-497877071
-499689522
635646085
283854190
679509759
507459874
942953690
145690177
961902403
774685690
493376589
127070037
-467571672
-959162926
-336909948
2989771
-221274486
795822685
941189447
192092178
-31005768
710006772
494344013
-655727644
-859833543
661713123
-395846975
183292218
-712673696
-698499580
-11361032
427426857
538812273
963667856
-974257712
-319057303
590553816
488128404
-110439992
-899360789
682837313
644687421
930536156
-726873668
33559838
687032895
264784069
516523336
-24069335
-761256452
721133202
143546804
651399800
370946093
92462350
919824139
-688500217
58605102
112440983
505759565
383529761
-128524370
-168723144
256859589
849486479
-191973538
-371383466
796529788
489084660
728572326
-47780064
69377278
508655451
-294496110
-326783600
503527584
510306386
-805882898
226085462
584154333
706326767
440111707
517721529
-206460784
107448026
-973880391
269794820
-771846390
-855700965
-364793922
-742494576
170565820
-511777007
-219670660
-468124790
395899838
495433051
815371410
-919170029
-692623643
-429686990
-596311701
-622771571
-503520207
-643626693
661429761
433132919
823834024
-453373690
198781074
592775424
444271675
526657669
-971486093
618119340
195416364
-720916013
325458231
-874703887
304340073
13111264
962649241
-430877792
-891152810
591806041
464096424
-178484121
-449597259
-960478264
421542968
792536452
423722042
180897127
497713276
-691762816
132920675
-250743534
-679142169
291366015
-555115736
-245696076
77645664
67196321
66456122
-262603242
76943436
192168830
901295488
756630237
-355635356
-821841666
-727078357
116108947
-357693991
-59757515
-128001644
48861076
-931698570
-562680676
698686810
-289389126
-768829177
-360609616
788760395
490670627
339515974
633279949
849926037
518657005
63906433
-934814697
61521736
-279121676
141489582
644354409
297993186
-502953634
526066208
-585380129
-280239122
817127987
-430592630
99299087
-480871957
632418748
887166646
-441771321
-644134814
345370337
-674221503
186111519
200613937
-333113339
-338401725
-712176564
229453534
387030518
-251832251
166996164
-437161072
507372931
-450300351
947367186
-631596076
-378600010
261567135
589402337
-180876642
293112862
-576060636
-475237053
-623699506
946000704
539570691
-788815979
319258118
920281886
-800066293
-27540584
-340044999
-291284526
579354073
766856036
-852543898
800036741
252997338
-392199759
-394500648
791622615
-40536942
638131419
628597169
7757295
-509362167
-105765584
-596268237
232710078
-998409557
-800739408
937502022
-957408775
663231855
450975456
600491326
499846374
-855710890
893690858
-152307756
950601531
884869460
719022417
606684667
429801071
533822129
-905020111
36670170
871689453
271070890
-251382363
318112550
980650556
-223674920
-727056931
657568295
777817364
-553335643
-922787422
-484940477
646902862
908813616
-195960002
-77046034
173168536
509708614
668469771
-563481301
-540594676
-279140633
-538103486
573312052
-320650978
-674584771
323569226
9202288
709565336
721115506
-867394135
6712858
427037225
341463565
-456496972
-88139125
995133947
-341076970
81251320
-782376243
-622663563
-285369289
-771164325
106238521
-611221373
135591081
620238936
744284290
778989274
-242031655
623122706
203583673
-919331649
-453563654
119825578
-331543821
160073279
-342007069
-128319493
-48174557
973800277
-525940760
-734388498
-833580784
65492155
771606434
301508501
-607837241
-86560910
-503734948
358404683
-821135094
-716165312
-454244283
-809817716
228967415
880017572
661742326
523806738
975869664
166829792
-285797356
154024986
-94733330
-458520708
-593408889
304964971
418315306
717740963
-305834728
958796097
-487391436
-419832965
489030793
-659160339
414596258
-497727768
733952271
762305208
742736946
458424241
848161280
-711064580
-585108975
385241891
507524852
843633727
542811350
-55140829
-779993164
250823440
-94713233
473413722
456336983
876951413
-945217067
-472103754
561880317
478841595
-93497651
264071832
855217463
-729764814
-778675424
-429056011
115368906
-35584568
-409363621
-472377539
-909770350
-465845623
-187224936
528498588
-839912685
832598190
-441766316
-464898841
294373334
-748662729
770017543
-299056066
683240261
273409810
-355885390
-746255192
-82191173
-341107870
660698552
271238400
193339161
-775060747
812927995
-983155524
954918069
874362986
-380827345
554152373
39560740
581283421
417482876
-549096877
-448451957
574410551
8209853
759799572
144034924
987206960
-956749673
-872513109
659178769
-817574982
-614354796
-244752489
-27245429
368649808
-805005053
-923689723
-499945141
225457682
868979528
869621306
-573133729
-517915141
954487925
619200912
858673079
108639011
821808457
-495831553
-865479396
-955315733
-707916327
-495420409
-115997379
-438114832
-645546731
-842634340
-120068016
-534131580
-284007135
-319021338
-936712181
-562956453
203280449
549798282
-488190861
-516349378
732875422
-526491022
-226096055
-483173817
589684795
-602455519
758713171
-493987282
-758977851
-375600189
-252823162
-676896851
566114046
574389529
773926741
637939782
195768300
-53589211
-892626156
-69289696
-899583046
988820903
-742084483
39989504
797225697
382576500
877263853
-923196447
830151863
-344510599
254373944
-673861445
392378966
-739696587
552542850
501557336
484375760
-109503517
-713619579
378574175
-828116224
544022421
-483544021
301529461
910116333
577314091
-672698973
-75458021
298393694
-201786458
464363270
-647011989
-148780619
529617751
373148069
803858447
704623310
-760519280
178348311
906169203
371864325
682437400
-574281547
943001659
827728939
841103146
785011712
-368928024
-497439855
81709898
656960421
337115668
-739935883
-91117799
98610184
-300777829
185333854
-968743993
286238597
-704858748
686249354
-579842987
281188939
996343063
902395996
-665401958
-742759914
941484259
-647404313
-868149567
778900604
206071752
-251607303
-109487977
-511566213
34979735
103351398
328442659
892893510
569080830
-165755784
77057717
635468266
-792440162
-735101194
-845069484
134935611
-833970452
-912778125
840253287
84781774
670600036
690313950
757139428
-347702618
-423418979
-116934100
-265446846
-582173575
-909842935
-496718543
-216187689
446432660
-926434700
-691762279
627214715
-407794277
-885182731
177370960
-762332789
284575034
-164454747
197597466
679768105
164717605
-666354421
971318319
-795643501
420899927
-171030057
-842748331
-407529126
-520796078
-867169468
312369149
634874391
-572478652
893866469
560498365
-451595832
-389410770
-974513485
-247213659
855697050
-743760540
-149549913
-902099021
864385390
-466263957
51241717
581457979
-493988522
-916329599
-704847582
974327588
551017949
166462657
-80126056
-534641124
-776165790
-419122972
-192241308
-99716385
-215034373
-464483585
964845214
-594690036
530071322
-211714101
-484616718
-515340340
787039805
578429367
-197789121
865284713
-364815666
-483724552
-332069051
-747850075
307431114
-317933892
131956884
-987062969
-130277319
227515782
425525847
476254031
-329069444
944093857
414710615
98526868
333409476
826778620
720247137
265537006
439883344
30825149
-654129012
965205865
-66983859
-516046618
-937933913
-843353537
-694852166
824419878
-797087465
-510884022
921718671
137618510
-977764796
556526402
794395336
-551073600
465022470
-310856090
829327312
79148664
-384817684
-811456630
-493619207
-804806880
-713135383
-124188990
902208476
-998704867
-167116746
999474225
110845483
316620875
789455852
-196856738
293040038
459235490
735031781
-46954270
556610459
-799095734
-515431765
192488132
246416719
504306324
-888457290
-619831273
-155093635
-958152290
-184276562
-458100289
-88262046
-914347246
84540521
-555524685
-890224879
-543041105
837238576
610978056
-93182570
133133755
298274145
156352742
-605118100
-718840049
240761341
-989658405
-753732213
-725988661
145341888
-773188630
-319856927
30342508
-360433137
-803754169
126966192
285781022
-126894625
302819541
608161595
-964289281
437093609
724729169
362913404
-99575611
375241797
842878842
-704444066
-988317611
66691137
679489840
-966717095
191009844
-972436012
-959657354
-839307639
37538724
725702028
-750642471
771030557
-364728660
198487808
523357805
-993153210
-203728562
-273360399
622293728
969266581
214561833
933083889
378243987
289891185
-285030066
-873359459
-178489408
-976960889
-537689174
976860171
-971687273
12066259
-696324817
970211194
803376561
-861805246
871919218
-622656531
249672609
690114053
-248906366
-529476933
-968536212
614447953
-112362317
320729080
-630352441
297633039
-800569265
208115259
478583323
-856322487
389151029
589840478
646279554
423283942
-381022740
794773881
-640977525
-601351642
349138299
-423523951
-37117262
-392017202
391172944
-223328048
-963154217
685440196
-668485080
735592240
-400939549
817737682
-948280337
-148881526
-18065402
17750629
-678435406
16826292
-774045274
-973809990
-645707754
839359287
-173249393
711851714
182037622
871196671
-516616496
-745129029
68379143
827151821
-498601082
776631994
212300809
805655912
-740668868
467643675
-451412952
622701781
103828543
-732800381
986656764
-16718539
612404093
-629976430
696279444
119878045
-397819147
10959993
-628512425
-887351984
483229150
-531712997
-216335274
-868508515
-393058370
-280721876
240739172
-54690954
-855971655
438370669
-479709615
908244403
-682905849
453266071
-110844065
-50444777
873537204
-450406762
495971403
286995203
996155738
-247020496
-610231273
795747465
-388828243
612148508
-79892508
617231671
-691998536
748585729
-880157967
593390587
143075479
949301674
-908385565
870307652
612830899
163577804
730299722
255967074
-277858945
236585451
-347226867
424949013
242026660
150388269
193386950
-198661472
-761374544
899135701
909972154
-719184543
-291316144
-428526600
-638968409
-346774389
291790449
919836352
730688019
-792345442
486701971
-820498950
16550106
-373840350
-382299158
-439808485
-222770892
909126267
-475529210
593603562
161769546
371346878
991453796
557621970
462123640
-760451757
-252781346
-562337809
-375575799
527292354
276979831
-149839914
-167033056
-464352807
850932693
-637246614
-24880454
779373988
31216619
-86122954
868410877
635491830
306298345
559859215
401898902
-844666611
-905705814
650086987
-943098610
921764659
-486241932
31465152
437759493
-867911321
831212142
-642593718
150616971
20248308
28286293
-693496930
627342341
956651232
-693546867
-173118060
-704868249
892151079
-370590362
366080285
280030463
388455571
-535426743
581409412
-68867867
-243280134
-83170683
885733145
-104277298
-175258136
655351397
503956885
835348608
-64983029
962541179
-627567803
867150189
277084013
737688681
961066534
496777378
258128951
-983675354
959424491
73511351
-965076342
638004600
90829988
310447880
-55761987
-841725940
-2918310
-436651712
-941048128
-247541887
-861460202
267188994
-146326675
-819109336
226611191
397455650
644782438
639336442
-398629437
-845824241
426267270
-39390866
-142816764
488320233
-186187831
131104577
467395186
995386876
-688946908
840999391
857053763
786862081
-706099866
437137455
705843299
278633747
266869343
130041245
-109340829
-159329611
-801620947
-877569283
904826437
931138868
813907302
-584405130
713931194
-469799265
-985270820
-617348765
-455923150
-73597478
566835624
-143714845
-611608824
-542862956
788015605
-552985705
864651455
418543984
-880659278
830822307
252161449
-960627094
502641015
573459806
-231713193
-195671776
-851051426
822879206
-904558366
-789050899
-684181783
-524585985
-809583312
63455049
254856146
687481523
-995242726
-859348803
563807707
259952738
-940792111
866951685
-773575777
209928618
554031138
237908330
-686151264
830304532
949088618
-535889496
-687006141
636820465
852808230
-79171326
740995619
-675560569
1839962
945281882
-156127377
101301502
-172105704
357679348
-183444920
179473287
-787509416
848571034
-533987085
415159471
793077521
731108165
-168266126
523681994
369458611
-397936106
-47909364
-55851025
174649622
181329442
-607608619
689405233
5529851
759982460
324779463
876170698
487107211
391657305
912874561
964970478
-575934411
-24748932
-123250739
-540582342
889785317
5714722
83065742
-569572291
870791292
-958865196
543007873
876307430
482820766
-626916632
905542339
-702337696
24774926
729223848
-317923336
703998929
380356243
-301144025
428297698
-737170527
-549809515
179018426
-418240089
250265917
-405330099
426245174
245852225
731033955
8687309
237957818
-164999075
-131335993
-497945812
-195883841
447943788
159943757
106353553
957840137
-509354025
-770918784
637737867
-46270295
427462769
-567447485
468097981
568426085
6403536
699099981
-283993706
-582672832
-269756685
82254570
-394395410
-43281841
-250777558
-555906873
787817804
804207011
801021378
-803955051
-150204502
-636171044
-571574820
984403369
359778629
-887036089
-415431810
498664008
202402170
-337866468
389871903
252466314
103700032
516426980
-609679637
841707281
-22279015
-681849502
-570465726
-162399258
576384837
825817908
552629463
116777135
-423469995
417115809
513477834
-244696857
-37108665
-110947478
533655169
222509254
-907609577
-420795433
630329813
797077628
-670176027
539949077
635511007
961459890
-36876
87195226
-112732865
-215134993
-307290813
-624477394
-780798895
-357635512
605826151
-766359956
-471051031
-438368281
-254973828
-290948512
895627788
341353455
589834573
-456091978
828150484
220872722
-922886406
344643636
-57417389
497197389
198619247
73658109
849873837
19736957
90883876
876674257
846567374
-822742235
-286197438
288186804
-621016189
-472917194
-424272427
916002557
-767426666
42919046
-327194035
291321739
-781493237
816228502
-749824317
-232232670
-844642025
-420262937
694180522
316406845
-601762203
662515340
918210454
-572715433
-467970873
-344519600
-209672444
836691511
706864009
-399746593
836476673
-130046429
-442991058
-177321922
-409149567
-328859322
-914639110
625467989
129009788
-922370135
954488337
949427132
-843313761
120125033
498291239
539427255
-923558065
-21745014
68240712
-835157805
-263311346
-920228352
458337310
443775564
-792963517
-137734146
-70027554
623962562
359458047
-948529487
594264612
-388426902
-317040009
199042772
780148536
129715688
127703999
-351724930
481682432
482244986
-143268910
-5372655
988406375
-938803070
-262670436
-219332717
-153043175
124041414
-112296265
962048950
-736679887
282244368
750389356
958044263
-566003307
551055422
679786327
-269320943
310111928
202960578
-2878784
-28651984
732569327
180781485
599557001
219749454
220760144
369009495
551045647
-86985295
-809273358
49761193
178149078
38673892
512085760
854961473
-741427632
-907605084
-159563121
-172214305
-567066022
-16181247
498974768
-848201891
4744572
327552601
760613087
28342543
587113754
-962847664
668306546
565336210
31284868
621833249
595132011
491682387
293651198
987082502
377602973
286699822
505533301
221046584
745369664
982940640
-478630215
-453997594
26314605
868180862
774856534
-887160343
591266877
-175983080
626839116
346513213
-272656870
-861159625
620070379
724013241
-890765062
400443182
882899583
-91814183
-957492213
892074806
-96535572
-471263896
-323403687
-754214302
24833767
-831900182
492274887
-96635694
-884042323
404684384
898335292
643989893
425300637
-296174922
348869130
-713655549
-979506395
153497882
470656495
-740854054
-725806844
-204300771
9932255
96942877
29285413
-693161394
-708151762
-929180021
-852965378
270889038
-97262759
249701669
664424841
-525603895
348126597
-165634482
813893343
397793261
786512135
-230204637
507758451
629161490
635857787
759219228
-247364216
-982163718
-73029224
889256447
691098466
-121505635
-853101057
-334573234
346856860
-959206065
-224590762
74910835
-913387706
-497089174
931768917
287545450
369074853
-473052428
-72480309
704142848
-539134994
-454215100
-482291096
-501358606
-58082750
-148203111
14023412
-28714495
-19916840
849126604
-153280450
-648254560
445250912
-565420763
-250462080
340451848
-821794473
709689527
983852461
-638262518
485588939
-591624685
637772567
930982167
-676086526
-856777567
33057840
-477215705
-772687948
415289842
241471120
-674671734
343944409
-529918546
378536826
-72363744
-734976125
-366302831
-840850524
-207460158
-598655004
-880730147
697240316
-906277578
202531091
-823971782
-21047365
928022455
-590026247
60242257
-874196227
939369271
319610261
-275090144
322368013
862774995
90098027
617655815
956702434
836397562
201482270
-226255397
-297463582
-806701616
931595307
-484572705
541865529
-910717404
286679703
-805229444
-660583379
316851876
-471021201
-772828116
-889371706
905252335
167162893
737633528
933683687
62441316
795597173
-213435867
380737683
799245940
-445328518
930442758
-40757790
237135072
-346820189
-874076754
53209977
-608953305
181126714
-498179731
-84680467
-546550581
-423019416
625647925
-903950115
445961877
108189660
705483239
-765553723
-689146846
527226625
-604618530
-837786104
-544151396
-521805794
-840731198
-367943469
-206467796
-805859198
-38695815
-792865744
-66697516
-916050433
-509837417
-545405283
-665828473
999962351
640162661
-554878040
-115616215
408116151
-432445693
-450649904
-178027140
931701045
147966964
-224143689
839246788
282684992
96373753
587678622
-571656555
782077563
-967286183
-919870581
-969836474
450563534
164430275
451222362
123195580
529177273
-707369830
-379670031
441558894
-625332005
308092573
728378636
-411483180
993348564
-325484207
-257142386
-940707957
544324900
957759105
-579848228
258514923
-151420953
-100072744
-48948020
308369637
878452356
-489707917
97891415
-978572942
-439484429
395473102
249752002
-914327992
-221397976
972697302
-63427473
-687489620
161424908
-385446320
116753098
-796288948
964575183
82880860
-573258267
-58064760
295014552
749533568
-609797580
-792080150
262093924
110517912
432588352
-626529957
996017024
967289371
-20800133
525702211
-185948142
427147717
-189553530
48292730
516292352
161961224
-947650956
627606905
-277444085
641544805
-825841760
143337964
737313370
789014964
-204032594
-959824057
56497476
548245444
581456067
-33854280
617432816
-828874742
16347860
-412383020
755552319
295182010
994561955
428149823
967693813
399032852
665799855
729305049
75954234
-448979355
324923657
423234203
105892556
22753865
980277760
298730604
531895073
-805247842
260351901
771911141
-950465777
-950366756
-671393036
572607794
67215340
903751084
419712498
659182503
175970509
-254200472
874683966
93331445
362790805
-501417486
-755309805
496148546
371933930
891617298
723543865
-371924619
696064094
883357925
80670776
668571006
350524457
-573014484
-273613465
-946468642
-149242463
234057121
-815331827
-691745124
-690835552
-632271835
-142932765
768125664
3483849
625546195
-654085457
-844182943
476346993
29810578
-266386938
-139925374
-162134239
52587815
247657592
176969864
607370720
447950394
-394982494
-450437243
-222365885
778671079
646041179
70384937
-697659772
-249605794
-322931673
-671313216
-228279153
-334148602
-972158638
-105583345
30728064
435715056
238273124
901194068
-728906220
-390208903
-255627786
-522812548
-542715069
-955052226
-857510765
612908311
-571083514
223223613
715769857
131574823
-824008234
-352881995
944635622
22422979
-784799461
949824387
126096182
-333967502
76832538
-885041975
-348185004
-834643901
-466367325
482734983
-417657827
928357662
-226579854
336821176
-247524167
691104487
-380072855
307575272
-13971215
188521042
-706547969
312415176
965909001
-647973993
283817882
435980748
-480285616
87826730
-347425278
142001062
634263973
-496165995
87836532
490868431
111529901
592873945
