7000
-999812045
-999780753
-999780149
-998704867
-998409557
-998333101
-998290995
-998036041
-997694619
-997487825
-996707824
-995940840
-995472042
-995242726
-995024837
-994962440
-994765381
-994343509
-993407985
-993153210
-992613072
-992563262
-992384761
-992325229
-992199888
-991989489
-991935429
-991861495
-991262312
-991224227
-991148571
-990904000
-990640900
-990418585
-990343542
-990284506
-990011674
-989806387
-989658405
-988924927
-988860130
-988317611
-988252920
-987745935
-987400459
-987062969
-986841036
-986792270
-986385750
-985943154
-985838946
-985277877
-985270820
-985232625
-985069791
-984663501
-984632218
-983913833
-983772938
-983675354
-983288849
-983155524
-982944994
-982569204
-982282084
-982163718
-981983796
-981952436
-981917465
-981606393
-980094451
-979544644
-979506395
-979502542
-979494308
-978651047
-978572942
-978234794
-978080560
-977919408
-977764796
-976960889
-976866604
-976827673
-976467608
-976427408
-976426637
-976103371
-975762506
-974513485
-974257712
-973880391
-973809990
-973369926
-972720917
-972593283
-972576748
-972436012
-972158638
-971687273
-971486093
-970586753
-970333768
-969870263
-969836474
-969497642
-969300608
-969168045
-968743993
-968536212
-968468609
-968114029
-967286183
-967275566
-967264326
-967040539
-966717095
-966552486
-966362667
-965792103
-965508324
-965161581
-965076342
-964883679
-964789257
-964472691
-964371498
-964289281
-964250861
-964180593
-964088138
-963809574
-963433229
-963311045
-963308604
-963304369
-963154217
-962847664
-962753682
-962173604
-961925875
-961724455
-961455847
-960790087
-960627094
-960478264
-960233501
-960223267
-960119059
-959957174
-959824057
-959657354
-959535341
-959438221
-959304204
-959252277
-959206065
-959162926
-958865196
-958451188
-958301930
-958152290
-957736203
-957492213
-957408775
-956907869
-956853039
-956799331
-956790046
-956749673
-956732463
-956710669
-956314306
-956234210
-955706510
-955488867
-955315733
-955052226
-953588131
-953399000
-953387983
-952678798
-952571259
-952275561
-951809679
-951789974
-951549012
-951435883
-950465777
-950366756
-950224264
-950090630
-949402465
-949236282
-949132735
-948529487
-948280337
-948025210
-947967252
-947650956
-947079909
-946914603
-946476561
-946468642
-945802160
-945498349
-945354677
-945225292
-945217067
-945209857
-945191502
-944334393
-943889677
-943098610
-942850274
-942786750
-942681487
-942500180
-942124251
-941784690
-941492103
-941048128
-940792111
-940707957
-940630721
-940350794
-940242776
-940032536
-939649855
-939174231
-938803070
-938529201
-938495000
-938464390
-937933913
-937308429
-937206131
-937106116
-936719648
-936712181
-936140958
-935987177
-935974345
-935153621
-934814697
-934402063
-934132831
-934064630
-934007598
-933869310
-933666175
-933591409
-933484615
-933339003
-932817428
-932771675
-932422442
-932014632
-931698570
-931179110
-931157613
-931115598
-930935061
-930624053
-930538500
-930464615
-930225419
-929488635
-929180021
-928853767
-928614616
-928175337
-928089001
-927764883
-927643381
-927567934
-927055705
-927003834
-926434700
-924805475
-924604663
-924582197
-923953173
-923756265
-923704804
-923689723
-923631986
-923558065
-923196447
-922886406
-922883785
-922787422
-922764589
-922611628
-922370135
-921557270
-921140064
-920970287
-920228352
-920199976
-920027161
-919870581
-919816178
-919788671
-919331649
-919290754
-919170029
-918576958
-918463477
-918380235
-918176892
-917666734
-917484914
-917462435
-917052414
-916933191
-916839583
-916628171
-916395415
-916329599
-916050433
-915239896
-915233354
-914639110
-914347246
-914327992
-913966286
-913763767
-913690783
-913388786
-913387706
-913290394
-913221948
-913070959
-912778125
-912743906
-912392991
-912263782
-911980356
-911512589
-911135315
-910717404
-910668446
-910635683
-909891672
-909852563
-909842935
-909770350
-909592356
-909542574
-908385565
-907609577
-907605084
-907155176
-906715126
-906483903
-906277578
-905705814
-905368821
-905238720
-905020111
-904843001
-904558366
-904490910
-904174917
-903950115
-903598217
-903456106
-903412888
-903173674
-903073711
-902099021
-902042198
-900904541
-900781522
-900666033
-900360451
-900269060
-899601137
-899583046
-899360789
-899170465
-899128992
-899068910
-898517754
-898434891
-898255783
-896707136
-896106648
-895383621
-895190871
-894177038
-894133736
-894048573
-893229996
-892900785
-892740769
-892626156
-892069582
-891152810
-890765062
-890224879
-889788530
-889579453
-889371706
-889061331
-888781425
-888457290
-888314804
-887528408
-887465547
-887351984
-887331984
-887160343
-887036089
-886595287
-886484955
-886346368
-886066337
-885620377
-885216263
-885199134
-885182731
-885092372
-885041975
-884635663
-884070603
-884042323
-883915661
-883611856
-883383100
-883194532
-883091634
-882713811
-882606556
-882554264
-881859325
-881853823
-881471168
-881358221
-880730147
-880659278
-880582988
-880199885
-880157967
-879629025
-879512378
-879347944
-879322192
-878799785
-878609274
-878579143
-877569283
-876800410
-875879228
-874911088
-874703887
-874357099
-874196227
-874126500
-874123990
-874076754
-873359459
-873318328
-873236635
-873169476
-872513109
-872425889
-872366943
-871547319
-871456587
-871101180
-870874892
-870868568
-869871020
-869457465
-869089158
-868703391
-868508515
-868239836
-868149567
-867911321
-867410025
-867394135
-867169468
-867138328
-867059343
-866192548
-865542043
-865479396
-865317430
-865232420
-865028196
-863613440
-863179573
-862480436
-862403121
-862199542
-861866689
-861830432
-861805246
-861460202
-861312504
-861267131
-861252051
-861159625
-860730686
-860240985
-860095017
-859833543
-859632805
-859348803
-859333369
-859130013
-858280984
-858058884
-857510765
-857405309
-856814508
-856777567
-856771791
-856561745
-856505568
-856322487
-855971655
-855710890
-855706064
-855700965
-855627945
-855298000
-854812782
-854459386
-854447145
-854389752
-854194976
-854174463
-853101057
-852965378
-852543898
-851793614
-851297364
-851198653
-851051426
-850758696
-850338895
-849954165
-849819952
-849358289
-848528125
-848284283
-848201891
-847789993
-847273957
-846856201
-846586094
-845992888
-845824241
-845712523
-845611689
-845594194
-845332890
-845325060
-845069484
-844666611
-844642025
-844182943
-843817024
-843619088
-843599724
-843353537
-843313761
-843117210
-842973585
-842933432
-842748331
-842634340
-842121018
-842067584
-841896710
-841725940
-840935922
-840850524
-840731198
-839912685
-839733053
-839694014
-839307639
-838967457
-838742308
-837976420
-837786104
-836911446
-836749056
-835496881
-835356302
-835157805
-834886644
-834643901
-834168992
-833970452
-833939104
-833580784
-833118906
-831900182
-830642837
-830453812
-830065949
-829477209
-829373433
-828968163
-828874742
-828847923
-828812727
-828339584
-828116224
-827889217
-827588596
-827581804
-827059934
-826691916
-826665020
-826569909
-826478953
-826411482
-826012846
-825841760
-825038916
-824039011
-824008234
-823971782
-823785320
-823443732
-823401314
-822885194
-822822828
-822742235
-822498038
-822459112
-822057745
-821841666
-821794473
-821694261
-821331899
-821294823
-821135094
-820703419
-820498950
-820183181
-819794132
-819595083
-819579177
-819196733
-819156203
-819109336
-817870034
-817574982
-817413702
-816247574
-815713852
-815331827
-814691384
-814543262
-814363690
-813695560
-813318802
-812621678
-812295547
-812084204
-812073064
-811456630
-811089645
-810680550
-810650413
-810566386
-810447729
-810015875
-809976143
-809817716
-809714045
-809583312
-809273358
-809091914
-809005366
-808817453
-807634462
-807432913
-807059015
-806979218
-806701616
-806610191
-806058393
-805882898
-805859198
-805262931
-805247842
-805229444
-805005053
-804806880
-804710808
-804289532
-803955051
-803754169
-803713207
-803498177
-803227930
-803126819
-802913975
-802640519
-802638386
-802604131
-802583291
-802363794
-802149494
-801921360
-801620947
-801467701
-801374716
-801365757
-800739408
-800569265
-800388918
-800066293
-799729801
-799540166
-799160223
-799095734
-799089135
-798761924
-798722312
-798423844
-798417725
-797924547
-797759479
-797490892
-797377760
-797087465
-796759394
-796499725
-796434896
-796288948
-796010079
-795954943
-795643501
-795606470
-794682665
-794546893
-793921655
-793805487
-793558337
-793084370
-792963517
-792865744
-792778870
-792662519
-792566923
-792528195
-792440162
-792345442
-792080150
-791931044
-791528360
-790884729
-790446180
-789804277
-789699894
-789050899
-788947760
-788815979
-788574994
-788387749
-788256588
-787720300
-787509416
-787431874
-787062076
-786901634
-786890133
-786775445
-786758577
-786318374
-786212421
-785866313
-785778059
-785518589
-785080272
-784908532
-784799461
-784519861
-784169888
-783976110
-783708452
-783308060
-782729532
-782376243
-782122075
-781563419
-781493237
-781452724
-781176717
-781027061
-780849453
-780798895
-780632782
-780613607
-780487002
-780206361
-779993164
-779808416
-779649203
-779182304
-779129833
-778819018
-778675424
-778617277
-778401301
-778210650
-778113328
-777686290
-777253564
-776865964
-776165790
-775568375
-775463903
-775060747
-774738631
-774626112
-774581438
-774511576
-774045274
-773856833
-773575777
-773188630
-773151355
-772904514
-772832326
-772828116
-772687948
-771846390
-771353923
-771313516
-771189659
-771164325
-771151949
-770918784
-770770155
-770230107
-770064266
-769626819
-769106551
-768829177
-768527009
-768521133
-768127233
-767914300
-767426666
-766854595
-766586606
-766359956
-765553723
-765546681
-765165248
-765151144
-764514326
-764260959
-763940250
-763893064
-763861916
-763641826
-762863323
-762764540
-762332789
-762243250
-761907916
-761657362
-761374544
-761312509
-761256452
-761205800
-760902228
-760589814
-760519280
-760451757
-760337995
-759957424
-759743752
-759327437
-759004449
-758977851
-758969799
-758787332
-757277920
-756368790
-756179734
-755660375
-755512157
-755347326
-755309805
-755292363
-755230438
-754924874
-754214302
-753914478
-753732213
-753518196
-753177912
-752872689
-751908351
-751831361
-751634520
-751414186
-751258575
-750946458
-750642471
-750389761
-750121646
-749824317
-749567802
-748904181
-748662729
-748194120
-747850075
-747716508
-747715041
-747474753
-746575331
-746255192
-745907608
-745868057
-745726009
-745535167
-745129029
-745092598
-744851655
-744822905
-744812571
-744111259
-743760540
-743406160
-743095630
-742759914
-742714435
-742494576
-742190945
-742084483
-742049612
-741986183
-741429118
-741427632
-741292885
-740854054
-740668868
-740594752
-740257764
-740205043
-739953793
-739935883
-739821556
-739696587
-739288753
-739278621
-739049537
-738586202
-738484942
-738131274
-737955609
-737781235
-737192113
-737170527
-736920629
-736787301
-736679887
-736230528
-735585728
-735493829
-735149546
-735101194
-734976125
-734646803
-734388498
-734340138
-733992943
-733697531
-733590105
-733254556
-732908040
-732800381
-732614792
-732114864
-730929687
-730890822
-730391404
-730277374
-729764814
-728906220
-728905181
-728339741
-728337325
-728285477
-727716128
-727698519
-727509539
-727403416
-727078357
-727056931
-726873668
-726616251
-726257684
-726217021
-726043124
-725988661
-725806844
-725783823
-725315547
-725238240
-724689855
-724237223
-723662074
-723525368
-723326305
-722994262
-722431403
-721623827
-721092818
-721075921
-721067002
-720969049
-720916013
-720760301
-720323006
-720217588
-719502454
-719457540
-719292265
-719184543
-719152579
-718887352
-718840049
-718793575
-718747038
-718704302
-718100753
-717920950
-717870295
-716782003
-716165312
-715627780
-715368967
-714119921
-713669931
-713655549
-713619579
-713527477
-713199957
-713135383
-713068193
-713009536
-712963860
-712673696
-712531942
-712176564
-711851055
-711845195
-711831670
-711064580
-710917188
-710903825
-710395005
-710003565
-709277953
-708808718
-708151762
-707916327
-707613200
-707369830
-707132149
-707126879
-706636293
-706547969
-706099866
-706083880
-706069699
-705891324
-705823195
-705749026
-705661133
-705017934
-704960020
-704868249
-704858748
-704847582
-704822910
-704777378
-704746454
-704444066
-704182231
-703735880
-703647072
-703238666
-703027401
-702940523
-702803064
-702337696
-702197376
-702023610
-701505079
-699103800
-699000981
-698696146
-698624042
-698499580
-698410867
-698148687
-698096752
-697883486
-697659772
-697505170
-696615276
-696589777
-696324817
-695472847
-695142336
-694852166
-694225104
-694048997
-693546867
-693496930
-693171781
-693161394
-692966746
-692623643
-692595586
-692369429
-691998536
-691965587
-691762816
-691762279
-691745124
-691175308
-690835552
-690099428
-690089350
-689354967
-689279504
-689146846
-689122699
-688946908
-688623992
-688560810
-688500217
-688370756
-688166261
-688139701
-688010719
-687489620
-687353982
-687352291
-687242760
-687006141
-686863267
-686520223
-686284118
-686280868
-686151264
-686093777
-686017662
-685862455
-685637553
-685591467
-685440274
-684941790
-684664015
-684602005
-684181783
-684119711
-683856509
-683290403
-683254183
-682905849
-682664796
-682245712
-682243944
-681849502
-681503049
-680920919
-680742759
-680668324
-679322467
-679234274
-679142169
-678849518
-678435406
-677893082
-677865581
-677161163
-676896851
-676086526
-675560569
-674970706
-674671734
-674584771
-674529149
-674221503
-674069035
-673861445
-673739724
-672926773
-672698973
-671848404
-671393036
-671313216
-671155084
-670494311
-670282283
-670176027
-670022751
-669863858
-669111580
-668763843
-668585741
-668485080
-667300266
-666367434
-666356991
-666354421
-665884424
-665828473
-665401958
-665331521
-665308172
-665238040
-665221260
-664778696
-664450977
-664259753
-664053980
-663779534
-663314837
-663160620
-662216731
-662094979
-661683888
-661147637
-661028460
-660947435
-660622950
-660583379
-659672419
-659399922
-659160339
-658828408
-658820268
-658065186
-657722037
-657408124
-657322632
-657185160
-657076742
-656908114
-656841728
-656595618
-656582445
-656487779
-655998530
-655727644
-655122602
-654932246
-654209265
-654129012
-654118715
-654085457
-653923601
-653283171
-652954557
-652749745
-652353505
-649848639
-649697202
-649540956
-649505755
-649416730
-649395824
-648829427
-648254560
-647973993
-647727889
-647654507
-647404313
-647224436
-647045455
-647011989
-646920349
-646716964
-646644096
-646041125
-645707754
-645546731
-644603137
-644576098
-644198714
-644134814
-643626693
-643362742
-643057851
-643047195
-642719719
-642593718
-642108323
-641069359
-640977525
-640868260
-640785172
-640424123
-640368429
-640211171
-639935388
-639783041
-639573218
-638968409
-638718176
-638633478
-638369208
-638262518
-638168986
-638022289
-637493015
-637246614
-637215927
-637197377
-637019993
-636661678
-636602700
-636171044
-636089653
-636056335
-635764439
-634952292
-634594402
-634265322
-632900499
-632542313
-632272892
-632271835
-631669092
-631596076
-630352441
-630347904
-629976430
-629446419
-628931189
-628859630
-628619839
-628512425
-627623268
-627567803
-627475220
-626968673
-626916632
-626746510
-626529957
-625923824
-625730274
-625646530
-625332005
-625188810
-625162226
-624987783
-624936409
-624917593
-624630794
-624477394
-624391381
-624239777
-623699506
-623287554
-623080266
-623030602
-622771571
-622663563
-622656531
-622648853
-622510162
-622305340
-622243822
-621865735
-621845662
-621776546
-621687920
-621016189
-620975628
-620801020
-620171223
-619998011
-619831273
-619620345
-619545162
-619449579
-619384575
-618520690
-618418596
-617348765
-617156069
-616257672
-615967839
-615661787
-615225595
-615093022
-614604075
-614354796
-613897553
-613663607
-611793581
-611611660
-611608824
-611403606
-611374630
-611221373
-610649576
-610626566
-610503993
-610461393
-610231273
-609797580
-609679637
-609649472
-609591770
-609200760
-609006485
-608953305
-608924860
-608854788
-608145396
-607837241
-607768795
-607608619
-607367840
-607170019
-606871814
-605895562
-605118100
-604618530
-604003488
-603922919
-603722714
-603569080
-602455519
-602431403
-601966593
-601835515
-601762203
-601700936
-601351642
-601106743
-601003219
-600835461
-600497487
-600423759
-600327406
-600141004
-598655004
-598550354
-598393285
-598328185
-598126556
-597586020
-597417493
-596970383
-596817814
-596311701
-596268237
-595966781
-595785877
-595095536
-594690036
-594548060
-593408889
-593124561
-592489008
-591631118
-591624685
-591566421
-591261125
-590740088
-590434908
-590255830
-590026247
-589675442
-589672066
-588862005
-588682713
-587757635
-587690654
-587629691
-586832677
-585380129
-585135960
-585108975
-585081100
-584719147
-584663362
-584556794
-584473158
-584405130
-584394144
-583465009
-583188836
-583138341
-582856688
-582819026
-582672832
-582173575
-581567882
-581448256
-581324654
-580956508
-580467229
-580319468
-580079311
-579848228
-579842987
-579148979
-579003450
-578879136
-578561684
-578404416
-576935778
-576511656
-576060636
-575934411
-575737733
-575723705
-574941462
-574813189
-574417247
-574281547
-573873827
-573850477
-573258267
-573133729
-573014484
-572876852
-572715433
-572478652
-571809926
-571656555
-571574820
-571083514
-570570663
-570492936
-570465726
-570175303
-569572291
-569524585
-569257030
-568314077
-568234814
-567447485
-567309627
-567229212
-567066022
-566978869
-566886966
-566193690
-566003307
-565442002
-565420763
-565151328
-564938548
-564476282
-564315023
-564222357
-563481301
-563151482
-562956453
-562696569
-562680676
-562453636
-562337809
-562237700
-561937092
-561756175
-561522854
-560591507
-560163576
-559842363
-559410300
-558486881
-558419313
-557910633
-557828527
-557728320
-557166767
-557127524
-557001008
-555959149
-555906873
-555524685
-555115736
-554878040
-554557922
-554321515
-553335643
-552994407
-552985705
-552849726
-552830307
-552668849
-552441009
-552012368
-551885839
-551755012
-551607015
-551365467
-551322441
-551154470
-551073600
-550577830
-549809515
-549801153
-549700749
-549648826
-549096877
-549079046
-549059308
-548290602
-546949926
-546550581
-546511864
-546285839
-546243150
-545534635
-545502985
-545471820
-545405283
-545212378
-545070949
-544821698
-544767687
-544712913
-544185596
-544151396
-544034071
-543941504
-543813600
-543691454
-543236456
-543138911
-543115993
-543041105
-542862956
-542715069
-542464768
-542385058
-542179052
-541582893
-540594676
-540582342
-539551492
-539136858
-539134994
-538893222
-538569723
-538357971
-538279388
-538171882
-538103486
-537689174
-537655905
-537052214
-536217358
-536076699
-536024791
-535889496
-535426743
-535306851
-534924565
-534641124
-534394555
-534193439
-534131580
-534127980
-534001429
-533987085
-533574829
-532944605
-532112490
-532027361
-531755357
-531712997
-531481337
-531029211
-530389195
-530080508
-529918546
-529878313
-529768014
-529476933
-529054776
-528988725
-528943770
-528504136
-528173861
-527706470
-527097549
-526941555
-526896609
-526491022
-526328216
-526016178
-525940760
-525603895
-525427235
-525233700
-525205956
-525054578
-524585985
-524520008
-524269452
-523729055
-522830662
-522812548
-522448941
-522383262
-522190116
-521811097
-521805794
-521622066
-521098828
-520796078
-520494554
-520477272
-520032287
-519529956
-519474754
-519075064
-519071042
-518975542
-518069143
-517915141
-517735507
-517671812
-517443949
-517139354
-517132675
-516863238
-516647698
-516616496
-516349378
-516046618
-515696221
-515431765
-515340340
-515317005
-515272028
-513788544
-513471877
-513213885
-512085354
-511777007
-511566213
-510884022
-510297515
-509837417
-509362167
-509354025
-509253897
-508797268
-508528097
-507856996
-507528130
-507124715
-506765213
-506645489
-506639591
-505540977
-505241785
-504751907
-503898641
-503734948
-503572292
-503520207
-502953634
-502530870
-502359286
-502355864
-502215044
-501800223
-501417486
-501358606
-501066992
-501005764
-500689861
-500392473
-499945141
-499885716
-499812350
-499689522
-499286988
-498786365
-498744002
-498601082
-498537522
-498179731
-497945812
-497877071
-497727768
-497439855
-497178133
-497089174
-496718543
-496165995
-496052971
-495831553
-495634532
-495420409
-494187790
-494053103
-493988522
-493987282
-493798218
-493619207
-493504648
-492019786
-491806515
-490495824
-490385711
-490070600
-489975808
-489707917
-488541011
-488190861
-487670132
-487505662
-487391436
-487306153
-486241932
-485962678
-485184946
-485092342
-484940477
-484616718
-484572705
-483724552
-483544021
-483314812
-483173817
-482760178
-482470958
-482291096
-480871957
-480870217
-480704431
-480593029
-480486982
-480457650
-480285616
-480157881
-479709615
-479596676
-479318886
-478630215
-477215705
-476925344
-476430575
-475880145
-475811041
-475529210
-475394330
-475237053
-474708345
-473751638
-473052428
-472917194
-472441245
-472377539
-472103754
-472037322
-471785446
-471263896
-471232596
-471060392
-471051031
-471021201
-470781292
-470674596
-470416874
-470123189
-470071879
-469799265
-468309210
-468124790
-467970873
-467954855
-467571672
-467522883
-466753066
-466736269
-466367325
-466301560
-466263957
-466230208
-466201506
-465845623
-465812226
-465239268
-465156035
-464954744
-464898841
-464616304
-464603693
-464483585
-464352807
-464122746
-464098545
-463507791
-463338939
-462368279
-461213652
-461070768
-460593737
-460494034
-460333424
-459923287
-459853206
-459319344
-459066616
-458682818
-458520708
-458438963
-458100289
-457886577
-457790657
-457414504
-457322379
-457015790
-456671868
-456496972
-456091978
-455994574
-455923150
-455543371
-455199496
-455000762
-454778430
-454244283
-454215100
-454210942
-454114626
-453997594
-453704201
-453563654
-453373690
-453143920
-452715596
-452671346
-452555117
-452026622
-451595832
-451412952
-451402600
-451126249
-451029649
-450997352
-450649904
-450437243
-450406762
-450300351
-450181378
-449625126
-449597259
-449219409
-449175269
-448979355
-448511788
-448451957
-447969791
-447715468
-446797333
-446090331
-445914495
-445677532
-445328518
-445288854
-444640816
-444512309
-443763571
-443568672
-442991058
-442723263
-442569532
-442556711
-442331696
-442211128
-441771321
-441766316
-441460890
-441198403
-441195895
-440000061
-439808485
-439717558
-439634111
-439504065
-439484429
-439450296
-438804723
-438368281
-438114832
-437834764
-437161072
-437108561
-436660083
-436651712
-435923941
-434983403
-434675645
-434222205
-434036900
-433807132
-433208710
-432961963
-432501811
-432445693
-432026210
-430877792
-430742530
-430592630
-430122341
-430101473
-429728376
-429686990
-429101916
-429056011
-428526600
-428487145
-428380260
-427820363
-426542356
-426479847
-425958070
-425847833
-425689423
-425272452
-425021598
-424729218
-424572051
-424437626
-424367104
-424272427
-424101408
-424021662
-423523951
-423469995
-423418979
-423359840
-423194561
-423019416
-422681511
-422676823
-421895188
-420817535
-420795433
-420610907
-420262937
-419832965
-419698186
-419122972
-419016033
-418516543
-418412552
-418393417
-418240089
-417657827
-417137546
-417133410
-416596493
-416588252
-416379446
-416310937
-416009967
-415725715
-415483789
-415431810
-415403013
-415374082
-415165630
-414541951
-414007214
-413950088
-413801688
-413744433
-413476643
-412892142
-412828941
-412796288
-412383020
-411939566
-411483180
-411435149
-411108182
-410976346
-410293459
-410251515
-410074882
-409363621
-409149567
-408475362
-408313159
-408169978
-407794277
-407529126
-407501652
-407485066
-406294588
-405480744
-405330099
-405213612
-405029666
-404591354
-403995654
-403750433
-403350333
-403264327
-403122955
-402778072
-402502333
-401545980
-400939549
-400693379
-400281225
-399750773
-399746593
-399685827
-399534787
-399442887
-399237415
-398987244
-398629437
-397936106
-397819147
-397813687
-397756998
-397037577
-396632152
-396419596
-396369285
-396148778
-396012103
-395846975
-395496243
-394982494
-394901860
-394648758
-394500648
-394395410
-394256721
-394193915
-394000166
-393584899
-393091591
-393058903
-393058370
-392554330
-392515750
-392427269
-392199759
-392017202
-391283099
-390208903
-389921932
-389812662
-389496222
-389454079
-389410770
-389316369
-389306060
-389248058
-389136272
-388828243
-388426902
-388222490
-388074920
-387810656
-387807658
-386922599
-386855752
-386500931
-386112218
-385654592
-385638287
-385446320
-384912636
-384817684
-384114894
-383281976
-382630013
-382299158
-381805749
-381660710
-381493305
-381022740
-380865493
-380847494
-380827345
-380320135
-380165482
-380072855
-380001510
-379741382
-379670031
-379512103
-379283940
-379164121
-378600010
-378468454
-377774156
-377230553
-376915874
-376682252
-376599141
-376444721
-376251023
-376069648
-375884505
-375600189
-375575799
-375507015
-375307536
-374635467
-374352788
-374307643
-374107569
-373856060
-373840350
-373788017
-373298467
-373130231
-372866767
-372746651
-371924619
-371383466
-371202584
-370590362
-369952274
-369836548
-369571254
-368928024
-368815295
-368596920
-368217621
-367943469
-367120604
-367067170
-366997088
-366987467
-366673826
-366355395
-366302831
-366273955
-365824916
-365776770
-365492072
-365151668
-365110418
-364958781
-364815666
-364793922
-364728660
-364691546
-364459268
-364160168
-364116978
-363731672
-363294648
-363166234
-362923491
-362459457
-362338803
-362121055
-360635830
-360609616
-360433137
-360162914
-360023758
-359849200
-359804060
-359069073
-358985243
-358906450
-358901790
-358403867
-358144836
-357693991
-357635512
-357154368
-356426218
-355885390
-355676282
-355635356
-355346113
-354949999
-354528541
-353574649
-353351284
-352961158
-352881995
-352774210
-352265467
-352135031
-351972331
-351724930
-351597672
-351584212
-351202640
-351172777
-350943784
-350718996
-350718259
-350657638
-350540820
-350426661
-350379665
-349134956
-348213848
-348185004
-347702618
-347564084
-347434097
-347425278
-347226867
-346820189
-346774389
-346286068
-346074746
-345258482
-344947814
-344879220
-344519600
-344510599
-344351489
-344094078
-344063168
-343590454
-342916241
-342907491
-342007069
-341107870
-341076970
-340800825
-340719815
-340044999
-338759141
-338511195
-338401725
-337990783
-337866468
-337777086
-337699201
-336909948
-336685281
-336655412
-336592156
-335782140
-335381898
-335368510
-335226925
-334827972
-334647541
-334573234
-334148602
-333967502
-333601141
-333113339
-333108620
-332069051
-331687878
-331560671
-331543821
-330959135
-330432983
-330186652
-329673705
-329630684
-329562670
-329124001
-329069444
-328979312
-328859322
-328476327
-328206394
-327545305
-327194035
-327088718
-327025400
-326875187
-326783600
-326730414
-326285435
-325856463
-325674472
-325671137
-325484207
-325389868
-324574548
-324502116
-323918507
-323510185
-323403687
-323329655
-322931673
-322862848
-322730093
-322699243
-321854342
-321732239
-321722408
-321557756
-320650978
-319891587
-319856927
-319719573
-319579872
-319057303
-319021338
-318881728
-317936314
-317933892
-317923336
-317730529
-317309310
-317040009
-315829529
-313059187
-312738784
-312211965
-311738060
-311159427
-311126165
-310856090
-310299968
-310262528
-309102080
-308658699
-308599452
-307290813
-306637438
-306624948
-306513375
-306495690
-306350449
-306109799
-305865068
-305834728
-305605108
-304615628
-304550942
-304356648
-303796598
-302696987
-302694054
-302608955
-301746796
-301617788
-301579473
-301478828
-301144025
-300777829
-300770144
-300743707
-300577870
-300544744
-299986193
-299591591
-299056066
-298680525
-298153017
-297704435
-297620402
-297473612
-297469449
-297463582
-296709249
-296637641
-296310404
-296174922
-296002572
-294765442
-294496110
-294228663
-293950411
-293931238
-293838044
-293061930
-292743144
-291960016
-291316144
-291284526
-291228099
-290948512
-290207033
-290186649
-290172247
-290155502
-290150095
-289828393
-289389126
-288831960
-288683867
-288482715
-287956310
-287637789
-287365072
-286739882
-286736327
-286670323
-286539455
-286197438
-286051050
-285990824
-285797356
-285477978
-285369289
-285245854
-285030066
-284079895
-284007135
-283993706
-283638979
-282771838
-282749030
-282710479
-282557612
-282077980
-281922392
-281850604
-281518990
-281016716
-280921366
-280851656
-280731612
-280721876
-280455974
-280239122
-280032662
-279370086
-279140633
-279121676
-278886783
-278591724
-278405431
-277858945
-277472268
-277444085
-277403335
-277086385
-276933387
-276718270
-276646914
-276429044
-276257813
-276206707
-275267330
-275180148
-275090144
-274600447
-274596843
-274151202
-274143258
-274021153
-273613465
-273529789
-273520085
-273360399
-273078224
-272897727
-272860420
-272656870
-272464067
-272237551
-271895890
-271227889
-270782103
-270761450
-270695968
-270488940
-270324781
-270140146
-270093401
-269756685
-269552207
-269320943
-269004127
-268394391
-268000453
-267910487
-267288356
-266386938
-266179349
-265446846
-264297227
-263666473
-263471783
-263311346
-263098833
-262670436
-262603242
-262568646
-262223854
-261707587
-261703272
-261125445
-260116324
-259777049
-259314979
-259177814
-259023838
-258687389
-258384351
-257888534
-257496708
-257142386
-256490154
-255709492
-255627786
-255544730
-255065855
-254973828
-254674561
-254611850
-254200472
-253623711
-253561885
-253154250
-252823162
-252781346
-252523537
-252337801
-252290773
-252285765
-252245065
-252095100
-251832251
-251607303
-251553367
-251382363
-250777558
-250743534
-250462080
-250269091
-249605794
-248938468
-248906366
-247541887
-247524167
-247402705
-247364216
-247227636
-247219767
-247213659
-247020496
-246708871
-246520895
-246209196
-245935744
-245696076
-245600793
-244802063
-244752489
-244696857
-244332134
-243690977
-243350796
-243349680
-243280134
-243112478
-243104178
-242415670
-242031655
-241851615
-241120927
-240910157
-240807791
-240533834
-240339200
-240252174
-239990120
-239282418
-239184482
-238948022
-237855636
-237662186
-237438788
-237151545
-236944788
-235589607
-234197714
-233358388
-232763300
-232402373
-232264148
-232232670
-232181504
-232003263
-231867300
-231713193
-231699701
-231595365
-231473668
-230853205
-230342160
-230204637
-229462129
-228374092
-228279153
-228261661
-227738913
-227527550
-227189233
-226960298
-226579854
-226255397
-226180610
-226096055
-225804450
-225710264
-224744117
-224590762
-224143689
-223905464
-223674920
-223464883
-223405725
-223328048
-222999096
-222911767
-222804622
-222770892
-222753462
-222365885
-222092641
-221586944
-221560598
-221443034
-221397976
-221274486
-221138029
-221021054
-219670660
-219639355
-219515893
-219332717
-219299551
-218830350
-218630154
-218136572
-218070396
-216898272
-216583099
-216555757
-216335274
-216187689
-215134993
-215034373
-214955944
-214627148
-213709439
-213666122
-213435867
-212802355
-211714101
-211510801
-211408828
-211376958
-211156246
-210697916
-210188692
-209754998
-209672444
-209400025
-208256796
-208018909
-207971970
-207569848
-207460158
-206467796
-206460784
-204500417
-204300771
-204032594
-203993067
-203728562
-203280541
-203208748
-201786458
-201296041
-201226463
-200803412
-200720230
-200667533
-200510339
-200400824
-200167565
-199810068
-198661472
-197985626
-197823401
-197789121
-197621254
-196856738
-196485717
-196118813
-195960002
-195936875
-195883841
-195671776
-194868372
-194397446
-194278314
-194220899
-193844287
-193695626
-193662955
-193482774
-193042357
-192875267
-192872131
-192696604
-192611533
-192241308
-191973538
-191950631
-191556227
-191529356
-191314718
-191312335
-191177967
-190993689
-190949842
-190528881
-189562704
-189553530
-189358719
-188918283
-188872035
-188745827
-188110853
-188081766
-187761496
-187380306
-187257932
-187224936
-186635402
-186629296
-186390490
-186187831
-185948142
-185870718
-184799041
-184658144
-184508980
-184416189
-184276562
-184016640
-183718361
-183616354
-183444920
-183153189
-182958412
-182291593
-182231289
-182166033
-182121709
-181806447
-181770070
-181637672
-181320281
-181214661
-180876642
-178798985
-178489408
-178484121
-178061094
-178027140
-177480389
-177321922
-177320361
-176404927
-176395807
-175983080
-175965948
-175838108
-175371996
-175258136
-173249393
-173118060
-172214305
-172105704
-171348289
-171228544
-171030057
-170637051
-169399913
-169331556
-168723144
-168266126
-167150460
-167116746
-167033056
-165755784
-165634482
-165601203
-165119535
-164999075
-164454747
-164107076
-164056953
-163303146
-163177507
-163118972
-163001580
-162763402
-162495766
-162399258
-162260057
-162141444
-162134239
-161705460
-161561229
-161376025
-161324398
-161055643
-159563121
-159490072
-159378679
-159329611
-159010364
-157472497
-157268701
-157142567
-156782553
-156663365
-156127377
-156125823
-155986673
-155676495
-155462057
-155189496
-155093635
-154099217
-153794045
-153562242
-153294372
-153280450
-153222271
-153043175
-152773653
-152307756
-151904424
-151776110
-151428087
-151420953
-151191312
-150994437
-150989959
-150313566
-150204502
-149953517
-149872524
-149839914
-149549913
-149409975
-149242463
-149201377
-149057215
-148989730
-148881526
-148780619
-148644764
-148203111
-148070773
-147804032
-147362390
-146909321
-146326675
-146002071
-145378651
-145360752
-145276831
-145066735
-144859651
-144359118
-143714845
-143538561
-143470981
-143391742
-143268910
-143261383
-143143997
-142932765
-142836945
-142816764
-142553306
-142194020
-141857048
-141452927
-140458200
-140389081
-140334960
-139925374
-139902070
-139650439
-139378608
-138568961
-138156179
-138110889
-137942827
-137734146
-137070280
-136709633
-136368480
-136160090
-135824952
-135484578
-135184395
-134956173
-134921897
-134795208
-134187031
-133877362
-133718761
-133657817
-133532429
-132870822
-132608082
-131613099
-131363840
-131335993
-130843763
-130703833
-130277319
-130046429
-128951581
-128562922
-128524370
-128425197
-128319493
-128233400
-128211569
-128147244
-128001644
-127711460
-127601735
-126894625
-126569749
-126309798
-126166818
-125769229
-125767776
-124701531
-124448208
-124369345
-124188990
-124059512
-123812612
-123646691
-123250739
-123173687
-122611740
-122610750
-121826705
-121505635
-121042166
-120863214
-120851753
-120850933
-120461090
-120068016
-119958780
-119707408
-119634683
-117859536
-117684142
-117639465
-117619204
-117122636
-116951285
-116934100
-116779207
-116674770
-115997379
-115616215
-115519747
-115234445
-115215625
-114845850
-114260647
-114009640
-113947823
-112732865
-112496059
-112362317
-112360634
-112296265
-112280828
-111879153
-111435802
-110947478
-110844065
-110439992
-110010242
-109646845
-109503517
-109487977
-109340829
-109278992
-107322411
-107141483
-106980480
-105765584
-105583345
-105099643
-104478280
-104277298
-104265995
-104253221
-104006958
-103844417
-103614621
-103343288
-103302652
-103177922
-102849447
-102374325
-101932691
-101868671
-100097916
-100072744
-99880794
-99832835
-99716385
-99575611
-99007653
-98753840
-98289104
-97990433
-97660385
-97616035
-97416368
-97284056
-97262759
-96635694
-96635333
-96535572
-96445471
-96345395
-96332135
-96055597
-95760781
-95751663
-95639040
-95227513
-95191215
-95029904
-94733330
-94713233
-94438770
-94035986
-93958972
-93497651
-93493291
-93182570
-92928740
-92470571
-92256119
-91991914
-91814183
-91645111
-91161146
-91117799
-91057083
-90598582
-90296503
-89821838
-89433488
-88660753
-88262046
-88139125
-88067971
-87875056
-87815632
-86985295
-86560910
-86122954
-85770308
-85514739
-85480918
-84983592
-84864405
-84680467
-84594923
-84177379
-84030996
-83517548
-83170683
-82890619
-82833537
-82794188
-82191173
-82187882
-82179233
-81675841
-81252150
-80542549
-80126056
-79892508
-79781247
-79171326
-79010614
-78914906
-78897359
-78685344
-78270849
-77453430
-77206373
-77046034
-76829192
-76312116
-75651360
-75460439
-75458021
-73886457
-73875789
-73597478
-73196266
-73029224
-73021121
-72852221
-72589429
-72480309
-72363744
-71723736
-71532435
-70772470
-70658268
-70027554
-69666980
-69659086
-69289696
-68944847
-68867867
-68168001
-66983859
-66697516
-66278049
-64983029
-64368128
-63427473
-63245206
-63207746
-63163807
-62796050
-62789191
-61877678
-61665702
-61137917
-61057222
-61032942
-60961101
-60411800
-59757515
-59284025
-58928649
-58775067
-58082750
-58064760
-57893337
-57417389
-57340645
-56284048
-56271677
-55851025
-55761987
-55558861
-55140829
-54718511
-54690954
-54647194
-54583427
-54232337
-54029234
-53982330
-53635735
-53589211
-53215584
-52963966
-52027772
-51916790
-51844755
-51579930
-50824317
-50595605
-50591333
-50444777
-49887106
-49055860
-48948020
-48174557
-47985745
-47909364
-47780064
-47477070
-47206430
-46954270
-46698804
-46440891
-46270295
-45756425
-45732657
-44988445
-44220985
-43683344
-43562466
-43281841
-43273999
-42763215
-42479371
-42305476
-42150898
-41937506
-41919684
-41870329
-40757790
-40536942
-39875937
-39390866
-39221614
-38983610
-38695815
-38525159
-38494172
-38148932
-37320170
-37117262
-37108665
-37015502
-36914624
-35584568
-35453814
-35384915
-34828170
-34346429
-33854280
-33718942
-32954031
-32669003
-32369437
-32355256
-32175175
-31618632
-31148617
-31005768
-29368183
-28802051
-28746771
-28714495
-28651984
-28156858
-27647737
-27571195
-27540584
-27245429
-26731346
-26158849
-25997264
-25267783
-24880454
-24748932
-24524588
-24517001
-24500441
-24471351
-24322439
-24315407
-24069335
-23952047
-23947736
-23624717
-23578797
-23455411
-23449323
-23262119
-23133050
-22613563
-22279015
-22248259
-22247123
-22213605
-21745014
-21618180
-21505702
-21047365
-20800133
-20268430
-19916840
-19055822
-18916311
-18889681
-18633495
-18586692
-18487793
-18065402
-17645579
-17481323
-17412342
-16718539
-16241065
-16181247
-15859177
-15336014
-15199163
-14334447
-13996009
-13971215
-12589928
-12199119
-12168280
-12042083
-11767657
-11718858
-11577632
-11477756
-11400266
-11361032
-10933291
-10259705
-10129060
-9199957
-8656439
-8643114
-8117812
-8005328
-7024061
-6757292
-6685291
-6354980
-6265934
-5642773
-5372655
-4592934
-4215113
-4119170
-3625462
-3239087
-3008208
-2918310
-2878784
-2422489
-1427811
-1123324
-1078249
-998358
-876689
-498371
-120272
-36876
211014
429498
621479
1151922
1431339
1577890
1839962
2063896
2989771
3483849
3589930
3702722
4734547
4744572
4767028
5480623
5529851
5714722
6328102
6339430
6395418
6403536
6709389
6712858
7757295
7792714
8209853
8388938
8687309
8723068
8912785
9191538
9202288
9932255
10245446
10959993
12066259
12445566
13111264
13122210
13158332
13213466
13688989
13992943
14023412
14133529
14392403
14745811
15455432
15697503
16347860
16374098
16436980
16500120
16550106
16826292
16835956
17574728
17750629
17873114
17917095
17947728
18925414
19179282
19736957
19837303
19933141
20248308
21077756
21202555
21203638
21550019
21832198
21848902
22036977
22422979
22537286
22753865
23145367
23870222
23985085
24115125
24774926
24833767
25070421
25109304
26305227
26314605
26479837
27052342
27424206
27694755
28286293
28342543
28375510
28418842
28528121
28911473
29285413
29553142
29810578
29911576
30342508
30552906
30728064
30825149
31216619
31284868
31465152
31569751
32143675
32206279
32285366
32601213
32780139
33057840
33559838
33705798
34318343
34477808
34558673
34585471
34772684
34979735
35373469
36231091
36459683
36670170
36887923
37405919
37538724
38455082
38673892
38781779
38923345
39039114
39477319
39560740
39579260
39653953
39989504
40049289
40663271
40878892
40919585
41417193
41698780
41698912
42167812
42594064
42737382
42854853
42919046
43657074
43797433
44786442
45549052
45742754
45990215
46320463
46576590
46628863
46635887
46817166
46927999
46946939
47010753
47574262
47607325
48292730
48318722
48546816
48771977
48861076
49192944
49761193
49809055
50019174
50043034
50047533
50097289
50369842
50461733
50462044
50483426
50709462
51203621
51241717
51292325
51832354
52369560
52587815
53209977
53324373
53392108
53535515
53551892
53718995
53797079
53943767
54050613
54547954
54714950
54820506
54943029
55249370
55765040
55918834
56273212
56497476
56861847
58027246
58479664
58605102
59121696
59382285
59779702
59881312
60088958
60242257
61072196
61288754
61521736
61566502
62441316
62548803
62671401
63072786
63455049
63906433
64425933
64704860
64865241
65310109
65492155
66440815
66456122
66691137
67196321
67215340
67492090
67643796
68240712
68379143
68771644
68990841
69234594
69377278
69423364
69883779
69895747
70268710
70384937
70431793
70730862
70828582
71206792
71745733
72361431
72706266
73030496
73088496
73511351
73658109
74843352
74910835
75002677
75115562
75166570
75954234
76134518
76488104
76823010
76832538
76943436
77057717
77132043
77565123
77645664
78054521
78144529
78192964
78441439
78908137
79148664
79670611
80196630
80250935
80366814
80661967
80670776
80725390
80869505
81251320
81262862
81328109
81709898
81907415
82254570
82596087
82634575
82880860
83065742
83072747
84247904
84427710
84540521
84726041
84781774
84866253
85583749
85867946
87080862
87195226
87203722
87312888
87494772
87826730
87836532
88545402
88789999
89418140
89892425
90098027
90424840
90829988
90883876
92270280
92462350
92637424
92676502
93044271
93219940
93331445
93445861
93596133
93746753
94038092
94409574
94868775
95026905
95565860
95903632
96373753
96463451
96766400
96942877
97282545
97313980
97328790
97891415
98179567
98425747
98512733
98526868
98610184
98847736
99079542
99299087
99815181
99946755
100702027
100849163
100914772
100985389
101301502
101431910
101535427
102528095
103351398
103630901
103700032
103828543
104682530
104808204
105598589
105640315
105892556
106088875
106238521
106353553
107128975
107448026
107574357
107818224
107822038
108189660
108282636
108639011
108714136
108724779
109513485
109939773
109990302
110170269
110197924
110223087
110392151
110517912
110681293
110845483
111098309
111291008
111529901
111916281
112272921
112352139
112440983
114030199
115098618
115122881
115368906
115502749
115725682
116108947
116428085
116753098
116777135
117116892
117350444
117506870
118117152
118211744
118440293
118769244
119411278
119577953
119825578
119878045
119995927
120125033
122030532
122122412
122428369
122672633
122675190
123131655
123195580
123603150
123849036
124041414
124565686
124828587
124920070
126096182
126478762
126582100
126966192
127070037
127240743
127563163
127584887
127703999
129009788
129137333
129715688
129954845
130041245
131104577
131574823
131956884
132029688
132039263
132078987
132920675
133133755
133517804
133548968
134128573
134566839
134935611
135393112
135464333
135591081
136253902
137618510
137846922
137960623
137995844
138028228
138086727
138823225
139619414
139885666
140147293
141489582
141954836
142001062
142545784
142559366
142575580
142957181
143023800
143075479
143337964
143546804
143925267
143933307
144034924
144580902
144670719
145254328
145315298
145341888
145356455
145487090
145690177
145984382
146046429
146522443
146727282
146793288
146838726
147362742
147589683
147772242
147948651
147966964
148965985
149188808
150388269
150529909
150616971
150979366
151846348
152063923
152443383
153213479
153319719
153497882
153907130
153981351
154024986
154934485
156352742
156531032
156593510
156689125
156711004
156720178
157194605
157819423
157985573
158152388
158646536
158903364
158903405
159152517
159362119
159624470
159943757
160073279
160359315
160362223
160448889
160538102
160727463
160824757
161424908
161660419
161688059
161769546
161776737
161949223
161961224
162230942
162674078
163046106
163246646
163527427
163577804
163599780
164430275
164717605
164777564
165194864
165304218
165882509
166462657
166783207
166801556
166829792
166996164
167009356
167162893
167612808
168435749
168534324
169134607
169349250
169495194
169552293
169578925
170297566
170565820
170622562
170757100
171347635
171551779
172064770
172230267
172557284
172651871
173128660
173168536
173944358
174121334
174649622
175157906
175653867
175970509
176141125
176544192
176612770
176969864
176994494
177193122
177370960
177885059
178054421
178149078
178348311
179018426
179095406
179473287
179609808
180277153
180284714
180781485
180897127
180924760
181024451
181126714
181132944
181329442
182037622
182343273
182698171
182803059
183292218
183945974
184329318
184474641
184478787
184635158
184951234
185122439
185134338
185253927
185333854
185963719
186111519
186493375
186674157
186890192
187002217
187082976
187484147
188521042
188607682
188637521
189420346
189541542
190156476
190832568
191009844
191043720
192092178
192168830
192488132
193335843
193339161
193386950
193763079
193953295
194435282
194449478
194987761
194997859
195376106
195416364
195584273
195692251
195768300
196014937
196550641
196596038
196778200
196917941
197006768
197049003
197597466
197900201
197968793
198239584
198247674
198487808
198619247
198781074
199042772
199152586
199379033
199480181
199910203
200170376
200613937
200868964
201327342
201364350
201482270
201519548
201545494
201849656
202402170
202411080
202531091
202597215
202960578
203280449
203558531
203583673
203851886
204402164
204518062
204525919
204884794
205873906
206071752
207482222
207693559
207796039
207819535
207885541
208115259
208359486
208577415
208679596
208824744
209928618
210355975
210368593
210886042
211019812
211472295
211603245
212300809
212729084
212821854
212822175
213458637
213952629
214008081
214203396
214529209
214561833
214607942
214716819
215032307
215347317
216157909
216405102
216591217
216837155
216950942
217011110
217240984
217851016
218137832
219083747
219182710
219439737
219749454
219818713
220050251
220537520
220585232
220696685
220760144
220872722
220881484
221046584
221254233
221710763
222509254
223223613
223735254
224664887
225237320
225284593
225457682
225656193
225753347
225829462
225897873
226085462
226611191
226687795
227063589
227156813
227373042
227376667
227515782
228037548
228331635
228967415
229115845
229453534
229556648
229807863
230425030
231342615
231447579
231602204
231824944
232005826
232077334
232168230
232703337
232710078
233379397
233805115
234057121
234351770
234430980
234712554
235860184
236006215
236585451
236749684
236862172
237135072
237908330
237957818
238116431
238273124
238903287
239004245
239062084
239367022
239976543
240739172
240761341
240844795
241457972
241471120
241645808
242026660
242891755
243299791
243347177
243462673
243655577
243945241
244391214
244841377
245053975
245762561
245852225
246280890
246416719
247031140
247175247
247657592
247986624
248020620
248025311
249114114
249672609
249701669
249752002
250200832
250265917
250321506
250823440
250972590
250983221
251115644
251144445
251378979
251684905
252161449
252466314
252997338
254373944
254404926
254764771
254856146
254972857
255084590
255106884
255308263
255419678
255707999
255942532
255967074
256837887
256859589
257406571
257861876
258128951
258131329
258514923
259378612
259952738
260143095
260302323
260351901
261567135
262093924
262182505
262427323
262622190
263001962
263064290
263391861
263920917
264071832
264368036
264537490
264640185
264784069
264893896
264904221
264941633
265537006
265566153
265692569
266362676
266634458
266869343
267188994
268441993
268525859
268568839
269794820
270480175
270727337
270889038
271070890
271238400
271631485
271733086
271745957
271773239
271814572
272056951
273341726
273409810
273421963
273798446
274256661
274633756
275287226
275950598
276258859
276560238
276812612
276979831
277084013
278297720
278433665
278585438
278633747
279270346
279634691
279848588
280030463
280549270
280927909
281188939
281236820
281340186
281656858
281732837
281821776
282078019
282244368
282326517
282391776
282672707
282684992
282785079
282873643
283124258
283141803
283750762
283777555
283817882
283854190
284256151
284411792
284575034
284753366
284985073
285045511
285781022
286238597
286510434
286679703
286699822
286726447
286826433
286995203
287201638
287545450
288186804
288663463
289891185
289924809
290167381
290564624
290898977
291321739
291366015
291790449
292355673
292698868
292931240
292954395
293040038
293103604
293112862
293290306
293442690
293651198
293882099
294373334
294509622
294978504
295014552
295025361
295168865
295182010
295582301
295932898
296437290
297008087
297154944
297633039
297677007
297702254
297956654
297993186
298058954
298274145
298322254
298362141
298393694
298730604
299376142
299822807
300233423
300634389
301208023
301416160
301453990
301508501
301529461
301672635
301803720
301817135
302714023
302785336
302819541
303445854
303696550
303875263
303907062
304092932
304152556
304335570
304340073
304490052
304631284
304964971
305558209
305871221
306021913
306298345
306614530
306761148
307135832
307377548
307406555
307431114
307553258
307575272
308092573
308279671
308349806
308369637
308656608
308675620
308887556
309965702
310111928
310124970
310447880
310694329
311795192
312066350
312369149
312415176
312785880
314061229
314680770
314695927
314747441
315067129
315266507
315557636
315961653
316237471
316272704
316273659
316406845
316620875
316706314
316714744
316801280
316851876
317982297
318112550
319258118
319610261
319756658
320021291
320656449
320729080
321381062
321848964
322368013
322584519
322981875
323336233
323357425
323569226
323851760
324779463
324923657
325040978
325346257
325458231
325599126
325828442
326666695
326872601
326973335
327552601
328442659
328671240
328970338
329045479
329364436
329431893
329864780
330826793
331289303
331404829
331666794
331824395
332028652
332057367
332455088
332701287
333171812
333256686
333409476
333906946
334401885
334420006
334598715
334896958
335238037
335873006
336386796
336653544
336711998
336821176
336990371
337115668
337221922
338290064
338560169
338706031
338965919
339065411
339252360
339515974
339567237
339737963
340424211
340451848
340883973
341277856
341337019
341353455
341463565
342620455
342851331
343062956
343548297
343944409
344188446
344309616
344558686
344643636
345302265
345370337
345493281
345534056
346513213
346856860
347163764
347667023
347824889
348014494
348126597
348487234
348869130
349138299
349596995
349661461
350216305
350389174
350524457
351463164
352048199
353158588
353313629
353620147
354249645
354743745
355529316
355620602
355980726
356559835
357679348
358404683
358435581
358480370
358519980
358911834
359408943
359458047
359778629
360287370
361126404
361360924
361481154
362377793
362434905
362790805
362877679
362913404
362915102
362958010
363026344
363344738
363619403
363803020
364588497
365034246
365278089
365724795
365936544
366080285
366324911
366336799
367111014
367995687
368649808
368937430
369009495
369074853
369458611
369816656
370204027
370297583
370312764
370723505
370946093
371346878
371640226
371649770
371864325
371933930
372922009
373148069
373395186
373613926
373653457
374411128
374492473
374657459
374775774
375205148
375241797
375458918
377447998
377533341
377602973
378163561
378243987
378536826
378574175
378791148
379151707
379277647
379560690
379768768
379812280
380325298
380328708
380356243
380737683
380995010
381972774
381997780
382287846
382519339
382576500
382591342
382751315
383529761
383779583
384540635
384791711
385211433
385241891
385483718
385805781
385832418
386120815
386487472
387030518
387218420
387243963
387485689
388455571
388488892
388570682
388816084
389151029
389373927
389402346
389551252
389871903
390295315
390638000
390878458
391172944
391657305
391766669
392234017
392378966
392525422
393639319
393844501
394983265
395002911
395473102
395821043
395899838
395954047
395989196
396037449
396190772
396588866
396962360
397066871
397455650
397616892
397729121
397750239
397793261
398448267
398647664
399032852
399755850
399820604
400443182
400955969
401230572
401644217
401898902
403298438
403995403
404583244
404630656
404684384
404920371
406270691
406344588
406472529
406981745
407327227
407487925
407796953
408116151
408489624
408525299
408866708
409530424
409916065
410065652
410378456
411324862
411696308
411820549
412775715
413658709
413844042
413921937
414385135
414596258
414669534
414710615
414816865
415159471
415289842
415569154
415722073
415738876
415739345
416184481
416593833
417108475
417110324
417115809
417324659
417482876
417661369
417804456
418202263
418315306
418543984
418697941
418914304
419059978
419712498
420118501
420899927
421343972
421542968
422626948
423234203
423283942
423722042
423844920
424360750
424594856
424949013
425129506
425249219
425300637
425525847
425599084
425599957
425759561
425988558
426245174
426267270
426853586
426964629
427037225
427147717
427426857
427462769
427732893
427867647
428007927
428149823
428297698
428483147
429391068
429401905
429441153
429654895
429751251
429801071
430397962
430996113
432459658
432588352
432885391
432904625
433104977
433132919
433236501
435282106
435715056
435980748
436451496
436788460
437002150
437093609
437137455
437620051
437650721
437759493
438218841
438315875
438370669
439883344
440111707
440246475
441010257
441550728
441558894
441667372
443322518
443584150
443775564
443781093
444271675
444482281
444775137
445081232
445250912
445591326
445961877
446012921
446078187
446107329
446227770
446432660
446546762
446652606
447353054
447943788
447950394
448336120
448345170
449122972
449259308
449329870
449828512
449963865
449977941
450414483
450563534
450975456
451149612
451222362
451353489
451863596
453162861
453266071
453802443
453840789
454096153
454163934
454180911
454521650
454623977
456336983
456769400
457678331
457728653
457763927
458060358
458098639
458337310
458424241
458664687
459010774
459235490
459380462
459430907
459476423
459643360
460295808
460809866
461311002
461337144
462123640
462144272
462282124
462340781
462682659
463484488
464096424
464145169
464363270
465022470
465421385
466143836
466371604
466589436
466747684
467008822
467012399
467162799
467231135
467256077
467395186
467643675
467719838
467722666
467744911
467823101
467850126
467889688
468097981
468165842
468298426
468802957
468851479
468869392
469446884
469855751
469943187
470040123
470071306
470656495
470835135
470922640
471339299
471519373
471934736
472016264
472191436
472205177
472646002
473413722
473848439
474112180
474199728
474405659
474633357
474841371
474884074
475410742
475704889
476003795
476254031
476321653
476346993
477019399
477122468
477898604
478070136
478207880
478402308
478514779
478523450
478583323
478747140
478841595
478876658
480263920
480847128
481262663
481682432
481819160
482164304
482244986
482734983
482820766
483229150
483696396
484095957
484198871
484375760
484579284
484964923
485588939
486396178
486701971
487107211
487476857
487612384
488128404
488320233
488322951
488436019
488561176
488730030
488894503
488907833
489030793
489084660
489128767
489583920
489685071
490670627
490868431
491682387
492141592
492175989
492274887
492916416
493376589
493835080
494344013
495356499
495433051
495971403
496148546
496282934
496714961
496777378
497197389
497215538
497395260
497713276
497782205
497790466
498125151
498291239
498347124
498381402
498622551
498664008
498676200
498676721
498974768
499089372
499143291
499174422
499239938
499632737
499846374
499848631
500079256
500198401
500323054
500385443
500385836
500639498
500726868
501375126
501383974
501557336
501580488
501635346
501643208
501749719
502052694
502338215
502443331
502544342
502641015
503527584
503918515
503933297
503956885
504023666
504306324
504626572
504736422
504800200
505533301
505759565
505961769
506253967
506321670
506625319
507130777
507217899
507372931
507459874
507495404
507524852
507758451
507800899
507969973
508041370
508065787
508212691
508300199
508403965
508655451
509517360
509527462
509708614
509863364
510054048
510306386
510450389
510703172
510784205
511225556
511796385
512085760
512565166
512569886
512828468
513477834
513605345
513810515
513816012
513892523
513937266
514249944
514290391
514464538
514602953
514825496
515557737
515688209
515782421
515786340
516292352
516426980
516523336
516628307
516697935
517147157
517173133
517325231
517721529
517807894
518334023
518538883
518657005
519382335
520141622
521354194
523267577
523357805
523524226
523584811
523587128
523681994
523806738
523852716
524079386
524248484
524248953
524950583
525702211
525797958
525998634
526066208
526513370
526515117
526528209
526657669
527226625
527292354
528200701
528384985
528498588
528577383
528931515
529177273
529220203
529617751
529723479
530071322
530614726
530869855
531031722
531187901
531574573
531849953
531895073
532400620
532897255
533088884
533377058
533655169
533822129
533837034
534263544
534302042
535446888
536873919
537161805
537843467
538209774
538355382
538812273
539155140
539427255
539453315
539509840
539570691
539797842
539949077
540142274
540190043
540308764
541251052
541415997
541854825
541865529
542279799
542717166
542811350
542878441
542889974
543007873
543115120
543362699
543405154
543888998
544022421
544175811
544324900
544489701
544596694
544895691
545212865
545612230
547131486
548245444
548825542
549297652
549496421
549567123
549798282
550060102
550253641
550398860
550850327
551017949
551045647
551055422
551456524
551713981
552542850
552629463
552679800
553081307
553389338
553664825
553878752
554031138
554071797
554127914
554152373
554954352
556526402
556610459
557333529
557621970
558537994
558805313
559546462
559546706
559818794
559859215
559949439
560238459
560498365
561223506
561498816
561512288
561607331
561880317
561997757
562964532
563286792
563710818
563807707
564041579
564233897
564379674
565336210
565580608
565653144
565665192
566114046
566274926
566405163
566835624
567051851
567151205
567679532
568400183
568426085
568772919
568921790
569080830
569200614
569327370
569815177
570049841
570249567
571107410
571219984
571280873
571633836
571635098
571713661
571827036
571839690
571966575
572607794
572738483
573032922
573312052
573435685
573459806
573599068
573782885
574251993
574311384
574389529
574410551
574638688
574792482
575419589
575710456
576001800
576233603
576384837
576396890
576737459
577314091
577347381
577592064
578429367
579354073
580381703
580566565
580690993
581283421
581409412
581456067
581457979
581925347
582414752
582472448
582815719
583457198
583504819
583707191
584154333
584671090
584718926
584882856
585049515
585287665
586062495
586224618
586783772
587046306
587062883
587113754
587678622
589374819
589384529
589402337
589575404
589684795
589834573
589840478
589894737
590033246
590139606
590165607
590229095
590553816
590634356
590917827
591266877
591359915
591581889
591806041
591817442
592435037
592766136
592775424
592873945
592961649
593001453
593390587
593476153
593603562
593868873
594264612
594365232
595132011
595260226
596587804
597272013
597306393
597759940
597953376
599044130
599082733
599557001
599858594
600105340
600491326
601630114
601974364
603224757
603473856
603832390
604086952
604382355
605125889
605188393
605532897
605680775
605785641
605826151
606014208
606107442
606569492
606684667
607164896
607370720
607389897
608060954
608161595
608402386
609362584
609422535
609484440
609881276
610559927
610978056
611072019
611925684
612148508
612404093
612830899
612908311
612998524
613660177
613661178
614146626
614317874
614447953
614544632
614698071
615428375
616367463
616431754
617231671
617432816
617655815
618119340
618425515
618492015
619196283
619200912
619510721
619672970
620024378
620043596
620070379
620140666
620238936
620539306
621833249
622278782
622293728
622701781
622757238
623122706
623327335
623339730
623790884
623962562
624905559
625032116
625446866
625467989
625546195
625647925
625713184
626030350
626196732
626275466
626839116
626879501
627214715
627342341
627606905
627665299
628385211
628597169
628832864
629161490
629284382
629300919
630118396
630329813
630676992
630935508
631155255
631549479
631819539
632235028
632418748
632442705
632490072
633247494
633279949
633838067
634263973
634508151
634621594
634874391
635262197
635468266
635491830
635511007
635616874
635646085
635775969
635857787
635911592
635968810
636820465
636926330
637502885
637728825
637737867
637772567
637939782
637950396
638004600
638131419
638411912
638793645
638823872
639132255
639336442
639462686
639508260
639844054
640162661
640808830
641172467
641219024
641544805
641566455
642309955
642512433
643362108
643578452
643634650
643989893
644101971
644170237
644354409
644626069
644687421
644705866
644782438
645969369
646041179
646279554
646510332
646711294
646902862
647126584
647146613
647472402
649133830
649343675
650086987
650185616
650502962
650611218
650744882
651256614
651323018
651354819
651367222
651399800
651922014
652050196
652252804
652519238
653447541
653651893
653844931
654309306
654351231
654768914
655351397
655785042
655842891
656070358
656153599
656360871
656641399
656862868
656960421
657053820
657438834
657568295
658228995
659178769
659182503
659435275
659934231
660082495
660412048
660698552
660755522
660775588
660933193
661114602
661179295
661389856
661422510
661429761
661713123
661742326
662515340
662872050
663103494
663223469
663231855
663243110
664424841
664521760
664527781
664583559
664817853
665061360
665220410
665344655
665486282
665799855
665829179
666238902
666521340
666570983
666701535
666707685
667716243
667763839
668242983
668306546
668469771
668571006
669471152
670530724
670600036
670842618
671295563
672134240
672161721
672374908
673338456
673399523
673419014
673825683
674594958
675815239
676112316
676335731
676560742
676778950
676860367
677782595
677849624
677883867
678913271
679232445
679486224
679489840
679509759
679526464
679755338
679768105
679786327
682407619
682437400
682837313
683240261
683714885
684484944
684729805
684995265
685353123
685406563
685440196
686249354
686273598
686931243
687032895
687109156
687481523
687598116
687608534
688450743
688470335
688528413
688884152
689405233
690114053
690313950
690761078
691098466
691104487
691617285
691638610
691772585
691782613
692062294
693801519
694180522
694269046
694401934
694412304
694637631
695021809
695221919
695249462
696064094
696186606
696279444
696358462
696894704
697040553
697240316
697795089
697845333
698197690
698686810
699015605
699099981
699258546
700135654
700172568
700797207
701364232
701596674
701602425
702093374
702137658
702773039
702795023
702922361
702987156
703390147
703723451
703998929
704051417
704142848
704494748
704623310
704784174
704914807
705483239
705577733
705843299
706211566
706326767
706412848
706469389
706557431
706864009
707509285
707597183
707990014
708121305
708343967
708445825
708519251
709565336
709689527
709752729
710006772
710122547
710254077
710546214
710698207
710752804
710759871
711065501
711395463
711468138
711647878
711851714
712151199
712389422
712471049
712516269
712533678
712730289
713766212
713931194
714260383
714402142
715621158
715769857
716012472
716241614
717474287
717553664
717704589
717740963
717877075
718185218
718387678
718535373
719022417
719086264
719805617
720247137
721115506
721133202
721169819
721375460
721473468
722223879
722490706
722582549
722601729
722793249
723543865
723740062
724013241
724729169
724762776
725602906
725702028
725724858
726499379
726583518
726867346
727132227
727798254
728378636
728572326
729003761
729223848
729305049
729952492
729958447
730053786
730299722
730688019
731033955
731108165
731203346
731734453
731792824
732543263
732569327
732799662
732875422
733082907
733175213
733272833
733699789
733952271
734350776
734617604
735031781
735592240
736030107
736331864
736434497
736795219
736815574
737046526
737313370
737558690
737633528
737659868
737688681
738116241
738377058
738404435
738424698
739197552
739910910
740109133
740995619
741013443
741342763
741364265
741571544
741623902
742075584
742276090
742705631
742736946
743474570
744284290
744324272
744412440
744609281
744737521
744953153
744963645
745369664
745386898
746017326
746779388
746782037
747201536
748078893
748549104
748564271
748585729
748787114
749533568
750389356
750490276
750519109
750895312
750964969
751252347
751391589
751661050
751706288
752428924
752788833
752853892
752958236
753026437
753322075
753390372
753757730
755252528
755301792
755552319
755776667
756054745
756494773
756630237
757021167
757139428
757218027
757417010
757509384
758384548
758590717
758713171
759219228
759598255
759799572
759863607
759982460
760112179
760242022
760613087
761542736
762151181
762305208
762530208
762637285
762822940
763234213
763401352
763859175
764487792
764679265
765292022
765718867
765815842
766856036
767084072
767342660
767944202
768110429
768125664
768370102
768540771
768651736
768691017
769286255
769602823
769890174
770005294
770017543
770238329
770361191
771030557
771561037
771606434
771607010
771911141
772203795
772437320
772817541
772965093
773192074
773710970
773812997
773926741
774005541
774071724
774233001
774260146
774278403
774371925
774458704
774548094
774685690
774856534
775457642
775499226
775543819
775630498
776631994
776820587
776851735
777008148
777265566
777268264
777315173
777817364
778243244
778626827
778671079
778766174
778900604
778989274
779331454
779373988
780148536
780612942
781098201
781191816
781800076
782077563
782607027
782641258
782817103
783023801
784252178
784291145
784763452
785011712
785343804
785768438
785967130
786137076
786298725
786512135
786862081
787039805
787294206
787817804
788000197
788015605
788116230
788760395
789014964
789455852
789519485
789550432
789609358
789658214
789823322
790092507
790971373
790989036
791475605
791541561
791622615
792183373
792532790
792536452
793077521
794034841
794395336
794670911
794708349
794773881
795205530
795502530
795597173
795723912
795747465
795822685
796023503
796529788
796621974
796868497
796994281
797077628
797217160
797225697
797309123
797365852
798421248
798729185
799245940
799565533
799683270
799911202
799957913
800036741
800277435
800835461
801021378
801735534
802542257
803292881
803363552
803376561
803665606
803705323
803810546
803858447
803910727
804207011
804567136
804750401
804870283
804893166
804979593
805655912
806477063
808499667
808818585
809375815
809442502
809706988
810229557
810273944
810568752
810804741
811067875
811420108
812141313
812155558
812158869
812538011
812927995
813199926
813893343
813907302
814534920
814820353
815015565
815134302
815176150
815300335
815309289
815325340
815371410
815414749
815534282
815618165
816104931
816228502
816238004
816253073
816523081
816598314
816791036
817127987
817135971
817236820
817336042
817737682
818135931
818460461
819160532
819171989
819298258
819379697
820197221
820603400
821313175
821808457
822163271
822223115
822422410
822561539
822748386
822879206
823625230
823834024
824419878
824514065
824676157
824693291
824912599
825449887
825565082
825581681
825817908
825850095
826456994
826741226
826778620
827151821
827213113
827276700
827728939
827994407
828150484
828174339
828659235
828684419
829307272
829327312
829503037
829506689
830151863
830304532
830326751
830357610
830498891
830822307
830831069
830862295
830954621
831212142
831213239
831438956
831777365
832363659
832598033
832598190
832699745
832786597
833561500
833634663
833967037
833975787
834316576
834620178
835348608
836397562
836476673
836597097
836691511
836747727
836831640
836953987
837238576
837272888
837314938
837848621
837857253
838088499
838532190
838676314
839246788
839359287
839643537
839948460
840253287
840472971
840559695
840734696
840857569
840999391
841103146
841108084
841337628
841434096
841707281
841850599
841960990
842405173
842554307
842787753
842792888
842878842
843619070
843633727
843705986
844636914
844816657
844969976
845313371
845659671
845853626
845913175
846110690
846343494
846567374
846849675
847053555
847206451
847829641
848110063
848138606
848161280
848482843
848571034
848695591
848881551
849126604
849301324
849486479
849873837
849926037
850027694
850097317
850282568
850449862
850875382
850932693
851142017
851363249
851442910
851587324
851630246
851755050
851927706
852089224
852774270
852808230
853009375
853281947
853483103
853855287
854961473
855217463
855697050
856894689
857053763
857108023
857132928
857393728
857493919
857755225
858013780
858673079
858743457
858976220
858998601
859766936
860408540
861756337
862257949
862774995
862950672
863669293
864050356
864053559
864385390
864651455
864684943
865100401
865181630
865231626
865284713
865497881
865647629
865804469
866423588
866534232
866592425
866835860
866951685
867150189
867407321
867816183
867917433
868180862
868283595
868410877
868501235
868663527
868826914
868944333
868979528
869279857
869291259
869381576
869578876
869621306
870307652
870791292
870838739
871166816
871196671
871208201
871689453
871919218
872598205
873114107
873144501
873256489
873519309
873537204
873741056
874077390
874362986
874671415
874683966
874777588
876161973
876170698
876294141
876294204
876307430
876674257
876922108
876951413
877088306
877145736
877263853
877363643
877640678
878210341
878448610
878452356
878723055
878767186
879092926
879389441
879452956
879501859
879854651
880017572
880235562
880575712
880701955
881192024
881815295
881970886
882351668
882899583
883357925
884231929
884562259
884869460
885242816
885640280
885733145
886027768
886248401
886405541
886815350
887166646
888489510
888644957
888921532
889256447
889418089
889542555
889685104
889720503
889785317
889970832
890076581
890751942
890770017
891191720
891214406
891254178
891419074
891617298
892074806
892151079
892893510
893690858
893723167
893866469
894399120
895067522
895546228
895627788
895983865
896128829
896253569
897142557
897328484
897677369
897689069
898179232
898307125
898335292
898377053
899135701
899546989
899734404
900020422
900439997
901130265
901194068
901295488
901655322
902130609
902208476
902262222
902395996
903375056
903382944
903556208
903613587
903751084
904294152
904706609
904740232
904826437
904876398
905150134
905232526
905252335
905542339
906169203
906364871
906730600
907922805
907933417
908209502
908244403
908623422
908813616
909126267
909408581
909435472
909540765
909684937
909776680
909972154
910116333
910506201
910827775
911725231
912342391
912874561
913541483
913632783
914115690
915144248
915208144
915421129
915728545
915948263
916002557
916285043
916350725
916457240
918146495
918210454
918416719
918529411
919291592
919797931
919824139
919836352
920281886
920299301
920925828
920941964
921199690
921231000
921462902
921550148
921594913
921604310
921718671
921733241
921764659
922343483
922360891
923099688
923194713
923219075
923440574
923597459
923918182
924227819
924991451
924999592
926179070
926756725
927123674
927264424
927631386
928022455
928126725
928182147
928197138
928357662
928397699
928847942
928887833
929372910
929641160
929649343
929845078
930301413
930318237
930442758
930536156
930805852
930982167
931031698
931138868
931489492
931595307
931701045
931723479
931741845
931768917
931864290
931942477
933083889
933510808
933683687
933754254
933939057
934422648
934551168
935767475
936353643
937502022
937699977
938196937
938482472
939042059
939334822
939369271
939632785
940047214
940153048
940866117
941095999
941142400
941189447
941484259
942261951
942282030
942584765
942953690
943001659
943228304
943504385
943595606
943806209
943826022
944093857
944287383
944458544
944635622
944778125
945281882
945597486
945650106
946000704
946130084
946156521
946853926
946944732
947084960
947365039
947367186
947555549
947874628
948198747
948773556
948865201
948878054
948924447
949088618
949301674
949427132
949824387
950371519
950442789
950601531
950715313
951355428
952320159
952393727
953217718
953373850
954487925
954488337
954748557
954918069
955030712
955926487
956516942
956651232
956702434
957031848
957189576
957728455
957759105
957840137
958044263
958119023
958358329
958578266
958612089
958796097
959114679
959328117
959424491
960057025
960231205
961066534
961076098
961323115
961459890
961468638
961902403
962048950
962116307
962541179
962649241
963131702
963352293
963599644
963656801
963663639
963667856
964069511
964575183
964674299
964707851
964845214
964921117
964970478
965156325
965205865
965241855
965249254
965255677
965909001
966053852
966105242
966276619
966952641
967289371
967536533
967693813
969028967
969083367
969165707
969266581
969539198
969933592
970100469
970211194
970583869
970707971
970799800
971318319
971524051
972238630
972697302
973245771
973275219
973449457
973507063
973800277
974327588
974953776
975092453
975240142
975643966
975869664
975886507
976860171
977785332
977912465
977917884
978738388
978788982
979274321
979541873
979630026
979677243
979773248
980277760
980471613
980505034
980650556
980656053
981694286
982289360
982348430
982940640
983561447
983660451
983852461
984192669
984403369
984532360
984555863
984563604
984929390
984939296
985411136
985477877
985992118
986060965
986095658
986114945
986656764
987034556
987082502
987206960
987413662
987505624
987630595
988406375
988723735
988752549
988800683
988820903
989056893
989425012
989807594
990075387
990321967
991092717
991407918
991453796
991533518
991764360
991933227
991950437
992248358
993023779
993114352
993348564
993925298
994392859
994431642
994561955
994625821
994988238
995077103
995133947
995386876
995724484
996017024
996155738
996343063
996426409
997456802
998751307
998777122
999107098
999474225
999962351
