8000
-401872411
-753655021
965296748
923408572
-542415146
395892238
-49701077
-58550465
148194800
-433838692
-523883984
-638983961
-808435542
561046790
-46687477
240437199
-857761452
-898991435
865931263
88424993
853664345
372433137
-425267624
-329546120
746631730
231585920
151924985
601747219
936208344
-173844163
848046962
392070436
-316085838
24936295
-909498537
799061720
309962571
670727220
137681048
916397859
356788692
917359509
-483847927
-198927352
950662230
-909912902
-597122143
608297277
-761351509
-61295424
-113396591
-829091088
-505307584
207530256
374922822
-97181793
225492989
913068138
806505338
-316930869
366758163
771205854
-736886704
-958426488
289505246
-491877682
-523880418
-840262570
-553501563
-476952461
-589892534
986241964
779388550
-407465898
743643652
-98070885
-929896035
-503731605
-267368151
-967002261
289521873
347651496
911641731
-695878635
164829210
215152673
699948108
941973034
342794610
-786749821
837696475
-785313069
-479773210
-638314788
-656573696
-514689675
-504897624
-419471473
929041644
-85106937
140002654
761069671
73187633
-455923806
39964470
-898836276
803035887
832685513
-538928366
-852719283
536318269
-644369599
910818032
-635640961
243414248
-424629686
702971282
-393994206
-489445604
-587511579
863957345
285690954
-238542465
419794664
810796195
-907566249
-98595688
-383344970
612002448
79801076
430987009
23839678
-33210785
767763119
-978811503
735820143
401812919
208973271
327685304
660180833
-406353259
-22366211
177299371
391079040
910624481
-154889789
-251829250
-219560011
445600656
-879834702
-443678731
153922211
341442361
-658124992
-115371396
107940669
343710840
158846893
849889565
89234297
-998529057
621040224
-310243867
923609847
409250191
74701147
-131443404
790465977
555531424
31916937
-427819540
993004324
730257487
-924405676
541594306
101155244
-831022212
866434797
-475709389
-460830408
-202460873
-990923593
437226963
489629538
400607675
403654806
-432236371
959842239
-43826231
140935869
445159937
-601665681
592673100
-269675851
-548085185
241594141
-338125305
-773163919
797740029
-607202260
-572853268
277745241
92206125
-629717405
-243530547
-5470217
-738862766
295216151
-750375075
-97892471
-939994288
-213855270
-670764722
626162104
941661630
689333515
371947224
5280533
-614980315
123176283
-139748483
143313595
912458064
-559101917
547720979
-608809666
-408697521
-350746732
-111915726
198528432
749770011
-503973745
523488236
-371528935
-109095572
596832268
-118854149
529412251
784519874
741524514
-648843440
164316024
493490265
-343131497
-756890413
-149871488
-656410477
-880445163
885076212
412139452
-573127099
-19083031
547896743
781208810
581151043
225956009
573510024
851928060
404079684
21040222
-55575562
-3799912
295673021
-474586071
-812448923
554885504
328727352
675314
-223721450
-617265215
-393647049
862736565
-498464679
-371569712
-515327374
828315607
-852126410
-699527957
483927654
-188391857
-658661865
962932648
52883184
228612271
126056993
126867579
-362404878
10143052
-486775485
-93383834
-384411552
417079740
613511465
-275012454
-588810359
-111441176
-590899601
-433473581
529593214
954259143
-807583199
-672865251
-396094593
348101990
-683319031
-949821698
-969391200
730645710
449400822
-596105090
649002862
-109275874
-9866858
-900023568
-605989590
911322710
-880177180
25344114
-643097108
928453898
269730737
-209642621
-382016717
-184238126
4726222
-977309748
-516712467
-159730667
-810740694
-604331038
865011306
-474070925
753268449
385657268
-253784584
151251816
-750641444
732579365
232201009
-789848322
-557509148
-11579912
-605229605
-782618841
680207580
744420832
-20885833
-487511167
969712815
759944404
-578101750
-229156501
499248701
-145877829
957205780
-142012295
116294180
981573500
78254527
-967489184
855938258
510135513
755080916
-967266056
963751849
431278631
-438729434
73799997
-627795388
-343779404
812847075
-489217874
927297238
-480133876
-55513270
827732689
538805296
-473121548
-858725797
347171417
-122973115
552864109
36482955
-431419442
-333856723
653804034
-469310765
-251731679
198791351
-620139006
-705588777
-902127398
-482025750
-509375786
-873304690
-646517931
-916521462
179330407
-666605853
-863877672
-958436242
359392217
-964087262
405306799
-482180604
-356573412
-485871989
-973977747
-770148469
-700804681
331833540
-455282425
-945870753
8144644
155749989
847654643
-201572904
110345097
-375952758
-843088176
-202750366
784948561
498956679
147865187
-549915817
643804743
553861386
-946151180
-268502719
-913123549
646979928
802959474
-43282853
393518933
359594196
-981692084
964292537
-251254820
-522546782
262865210
-483710790
372117863
413245898
834949626
-435157614
893132453
-431051641
160007010
-346845783
641931785
-274429036
534295508
859930574
-152638234
308280690
-432132099
-270707303
881330550
-433953180
812947733
252515892
275471324
-403965064
-59227309
-170265719
72099952
700923090
724918861
62030014
-431050668
-307894937
-51385652
-984979707
-419518387
-491515910
-553940021
-179162090
540886787
-546255529
-962619720
-557911098
365353759
280544927
-548981715
-319795280
-723956866
-143748791
527010124
-677195751
-696255531
257535172
-325114727
-202676050
-856182329
18066833
-833428671
558149352
-621809346
590930813
-767688826
-107533821
-655391374
-707822744
388293980
-85766909
496960430
316625034
10263696
-316792153
497049374
-203873391
307841459
122263492
649875747
-684685120
-778793231
224819792
463022371
8476510
-507811240
-420632859
124298146
-190645694
-999814307
872648403
893602125
-914512138
-412800768
-292355217
-762307642
-763877792
422678065
178034744
317543871
-814217573
78696698
779778855
-256240044
743272198
456618577
-778054130
-1624934
-624871533
385815750
-312071372
367234652
-39416815
15323555
-341479351
-579014935
-48874749
425151336
-6603532
448788503
714057459
79908353
-213097159
110483369
7298553
-263502348
-624669540
-730426426
-753170905
483104955
-565114391
-213816084
-492712298
751071398
141632632
207436509
415559564
786980752
318201929
-906139568
907662958
828644215
363586418
-503068268
987332441
-593770975
298788226
154682923
952630214
-131227353
74164025
297084051
908980178
-718444241
-790502537
801579450
-193689348
4176682
63930916
-30705982
-418782117
-92021377
235275891
198457347
-742447540
774322893
-975584758
714476783
156337480
286729190
-330572700
-232786735
-524889021
-366707309
674504810
-252647339
-833890708
-951999755
313646394
480488458
946286791
-376237359
481153684
-991805390
-371530284
-630014646
100007851
206618799
-677262718
-642198948
127273448
-566666061
-10564129
-881315156
28593011
808046590
406606439
-474936079
886919630
-808289694
219804918
-494048890
437157336
-558673228
935800230
-721253140
266511341
716357663
-45165423
727230727
212604612
575716012
-422266180
642083809
-257224557
-762866189
-38447393
-119501008
-960971481
97750399
-853392640
666171732
755517764
-69888321
-758852682
-824303348
479740324
153659651
-842014705
975887481
125686288
640911285
128258983
-997100569
911775694
45008246
-198343904
-751841964
187957277
-527373088
450076414
49236875
400666319
706482350
473633991
484998017
164978690
557712315
112376045
844884839
38852006
192951087
754988420
-233388095
544424406
859305691
-672128821
-722094734
-806923852
-324983996
-337060341
606107271
-959475025
336326566
252191693
-843409442
-580552654
534119943
-803717703
-407754272
-643840180
-512946947
-710102670
850617637
881480720
923864974
549744368
987032849
-27930078
-86977948
39762948
233321458
-137385634
-234777266
393806116
572250025
-391174145
-191574142
257373131
764267611
996986841
226004210
931609137
-325233869
746397381
-528976838
-115556481
686174910
-602822743
574366736
-195462605
512561001
321061390
319380679
-149637045
-192572190
-605896003
191175637
906739075
113311008
862556287
759450140
464257216
205681754
-404030772
-277180588
-726877368
25648619
701267161
145622763
-172535776
-251715311
923242094
391852771
-974499961
-667269596
-187424339
981743475
-356629844
-338830263
-16418902
905914609
-898280708
-811437664
495059672
-395237065
-286061552
-353778086
-139173048
34835888
547451458
804439411
-121534597
824675676
720508047
890635666
685990812
932741894
615374028
184036322
48777070
-741847502
182034458
-479827294
-525282236
-705516585
-798805784
173842583
-529636793
-848342402
-275274726
-754840883
-622520524
160719920
-33853284
-694637465
792019908
-965377385
-896106512
-998644213
-102269606
572983388
-681761118
-274883160
970873064
-750841486
-805135803
-941368028
15279466
-867470347
-376801199
-498528098
679649610
-115435014
753472471
581359913
755622269
-957899540
-541099659
-14853101
-898879476
57799013
628456515
438737286
655820170
418011813
845820422
-88125334
-347922523
-399224208
-60126898
933464221
-592043640
453377226
131109898
23257367
-807431217
33960670
-910801493
271284217
776299471
847503617
959865261
-827524905
-387727987
-694872086
487962650
702475130
126258798
-94250294
-37705948
-816498424
-959688132
-746141299
916150621
-689154265
845424594
874097230
786399157
-226893725
-109083262
-599020233
972778713
-335432217
-650518486
-931927821
-365505116
18328690
899844110
-673904742
-564326009
-411873838
365830431
-503708200
-552235810
-175089396
-971655077
-860119182
-12266707
-97615960
581329129
470213031
788058649
707594832
-321776338
-787838303
912594776
843749537
604989978
-391464568
335803705
392547975
-320083152
554871721
-22632290
751882421
-700779904
704642802
297877738
504103990
412451876
-402494935
318824343
-43396573
-801576705
799274367
-298889702
-260488998
308058185
77899214
-9060650
-625165521
-360471044
549294401
980284227
-286117269
958815269
-913068291
360769463
-75725774
-519234007
-271721599
-68457115
-882847470
-840585707
-730880179
-618048880
-201703855
550135832
567102768
-710192226
-367899086
670185757
6356634
909594928
-286961110
299709993
-177164275
134722490
-946637378
-125702691
337252622
-311039606
-734054385
594222398
751526443
-437809664
763615658
-102331117
158025923
97216194
288285262
856354330
-578674573
-757964146
723185742
-267479401
-522272856
-621736778
186261672
-513331773
102583999
-640570081
933030709
735467554
750141572
713069863
-892029128
564919488
-37189644
-531459020
959421361
-783818279
623585909
195072462
753181815
-496745792
-582248781
-213965679
258015263
-113211847
390722212
169572413
265304601
-79033558
299344580
275767261
-177546832
152388997
799826156
274229185
747799759
-243003359
-135688827
-602199522
329184804
503817026
820111387
-999644033
-681853492
915283238
-692834118
34619182
297307330
21440189
2325125
306331634
-499607575
-779217594
613240330
-816400652
371968402
766613082
936573641
-302187742
177176512
-315694739
-28824604
726914035
-554035970
969044960
-984545884
-121645898
-225079824
483504261
-934028426
-811275597
-723493374
469590079
735214103
840875162
-902541949
-940379785
-588572027
406555214
-835364356
-219518140
-433685524
-384937469
151659907
123491984
973574200
369764144
743085968
355617784
-504489355
187783191
734963790
347254644
480558296
-880353522
578394253
-636646670
437051760
353428077
-126477807
364638526
708465165
50635711
948406994
-253169126
585318236
806289869
853389313
-929028915
-660862604
264688652
-977027273
925761344
359716491
-206030032
-58204813
-188864206
672142287
69294526
-893042385
437558730
527800299
108530933
67008786
652440467
-482620781
783633486
530325567
551922136
487267322
-605390023
-705550528
-721144774
840324879
474354927
379766226
-799243276
326708763
-156941190
-131085241
-145076637
-786301985
-620709051
-870275425
-304014370
400996705
-736074899
749189424
511684326
243034163
690428785
-217124985
770777987
-552283189
416070627
-693769764
-536861947
945843901
-585274977
297458827
25902698
839468390
432848792
246655906
-155829310
529985032
-21984645
-210226505
-840168899
-451861824
-202154654
290335154
-214161407
-381870974
466433595
-470656875
447661641
14536873
808816245
852164181
611220748
-541594882
304277206
-139029612
671100762
983303852
151212066
90103198
437241649
136637717
66470210
-997959015
-82859453
18793224
404127158
-994938484
87736805
99461893
-960745291
220728651
655786995
864967591
-68175424
-786939245
868116239
-860147073
-855459492
179910506
129506094
316272084
534310585
-218070544
699492901
231737062
571822339
956688063
441099518
578628207
322580155
-588159324
407733305
168047662
339347734
406785208
753574767
953008099
-419807676
-519527207
463922584
159244914
662146393
659893242
764171695
-537972926
-56666417
-638858852
722195460
604444216
-304786513
-926995737
961520077
183585238
-881298561
-944427967
-754286693
-628312878
-277347843
447530322
-600166915
-968019457
721359445
31430018
-570659576
866439871
670058536
-164092271
-338860239
-648998981
-351969075
-552686218
-429500815
-774843994
-402794483
-129258321
385156466
186396713
-31878679
-282233992
-19481427
-174148289
-399570917
-200528881
-127822150
254944120
196949981
-419635360
-951429292
-270522350
-768402049
-964060422
-833861370
428168164
-599002260
542430338
680183745
-60145151
957689865
163307425
629030105
-304911476
12465958
222338139
-526580648
869991274
840038174
-987257260
234909852
-226122797
97668260
-324370411
153449189
540703545
584627534
990549414
123077802
-585211178
401728829
-235695157
-802983469
691527839
628543529
-106466158
-675025809
646751877
293693648
655743352
372967498
157795602
-881023178
-551488017
-637661754
-873557811
-279206424
561647640
385234015
998794699
-823181925
653266542
-114725228
-409065551
613359534
-622163607
-33994964
406366669
166738084
433157194
-561892828
-635496905
271080903
-859680349
884720969
457368121
965474798
341881813
464566556
-349329296
-672550198
173608885
328024817
580099753
641571651
-986617929
-167970178
749348448
256560546
-815495448
-569494415
300747143
769742332
-685061390
222068836
-159769706
-826233054
661578113
449152364
-274717388
-586354699
144539920
174208196
-151863059
-496464451
245935647
-740835287
-227870650
408030249
-401249913
184213275
-1682463
447574591
-943303500
652935358
-750692583
-250620682
-579611208
205500379
395807620
-958309264
-39330023
82857982
-48378508
-273563996
425331021
463128490
343260612
319854112
-809430844
-27840689
-775233558
924625309
-577633370
534396931
463363079
975198301
511234834
-413324464
-526138610
341173025
192071132
-903623065
-571235414
832800306
104614925
-844478831
388905735
253547997
-766415238
-208891057
-216483589
-441399249
-613025113
-614313572
-303178318
919568756
392219832
819490160
-296205706
482446409
437339191
393274584
229693598
-123516581
299173193
211884587
-655725542
-93930029
-620146863
892955083
-335692651
389291475
875303569
-494451642
-307372847
764920544
-741896249
341774083
913076818
529039559
-539506759
-437294161
482734703
382645918
-677449896
643502009
-916020155
496048826
196905257
-598982214
-514097399
871331588
509565077
-213472735
-662185243
751623740
758314451
-73003946
-969475730
173940910
-886642872
899132886
-162962597
42731897
-221808150
-893996895
172455747
992270178
-593285304
-10211384
-804324528
-662353925
-636657523
575153527
-616009966
547543469
795533372
-358302571
672514823
-475276605
-422486476
-936263844
-134481463
163009044
-564124608
-436642468
354860773
171923815
-753643453
-757426183
-477091040
164836398
161730593
-210351881
98096350
-868356596
-773258248
-675593015
312057008
355118032
-820693465
258409626
547809537
455945615
-673087072
-804810897
-850068410
-26597222
994916090
992041842
854385391
-147622613
476617335
-767443717
196851699
222279381
884942513
-393030600
-442950737
-184972826
863332338
470643930
748363053
360670509
130512901
-755337993
-84745735
105543737
-923752187
-463636389
123655845
957000519
-882111118
413250861
233516071
-305322491
37289621
909060825
-365695306
-389363127
-947891294
-138581936
178976347
552700209
-376280605
88886811
558718914
-987979655
-396781196
-457560866
843641766
718159687
-429728727
951884316
190801659
716521000
-313336789
660145211
-162476029
-999907650
-64193242
-10713817
-99329147
377567081
901561631
-608916076
-891001603
650708812
419077931
757099806
-677446740
832670533
-406281561
-82999029
549236162
254502215
798465758
18377487
895948049
-814451248
-431051731
-649019447
-834714982
519783275
-451954149
-434234475
986902256
705353991
-454231720
-183625260
-769389679
-857407240
147268183
264387957
762255857
869432549
787429971
-729094316
-308817065
131893868
566704668
-604360589
-542479853
-13758407
-414327752
132036585
604653590
-754422473
-77469915
781806461
-921364057
356287996
124137159
828724799
78830810
-946143157
-76450852
-670431069
-700102433
-428990087
470848051
931368409
915517614
-205546310
-162493080
-249097533
603682075
705957383
101161811
-302000192
-32567497
-724536492
945230991
-651245175
238887502
71209036
577814932
-809741251
-739889980
839714421
-441465346
-538039930
-883156347
662883239
104764180
382467657
622811811
430891090
456486889
-124185169
516915163
471127896
620070896
489335302
432233569
841679501
-374901953
-66648503
366607634
-416416050
998250324
-619503679
95124881
980715976
967537494
-36921717
-229482828
-190021648
594558200
852900388
-643576705
444360956
-407531716
-245164482
276132686
837575644
899898013
-283170466
-442986870
205245681
277383325
884759395
-111190995
822053693
980692304
49405857
-975551022
973180416
-185387910
646448968
947152356
92082389
-321923899
-143433181
424361727
222033820
908870173
127597681
-764391474
-617994709
-618946123
830593668
-534012080
-278711527
-758632742
-486644230
-436097136
-562629129
-135397483
-484963234
-987887913
-502548863
12358801
-724189417
-282301634
-765509586
-383359778
-156361813
730748017
-122913202
-529278377
643377941
-286477904
-596551809
397123987
177136628
-58988078
236568119
-71409721
498818215
628460358
-737666110
-360456218
891920342
339868828
-287986247
-473010045
649166731
-540385527
-204891645
777588339
-720810909
-39029217
864594843
-830154324
726333476
338191778
100362068
-814979169
28745558
-225342269
131965333
535438849
-720758967
834814782
-49229907
-298099739
-860778955
283230141
255861430
100709421
336337526
728150483
491958715
752731323
302285953
158231731
-651590850
-802433806
445298838
749671068
-648603626
921747955
963584789
231545606
-951309997
-617621168
-618385072
-522686202
-938890864
372395994
-927134245
-815454499
-208002012
485558291
150013607
90795699
802334851
-806814031
-178758789
291855072
25875263
439937990
-463058509
-226064918
421050563
439751449
-292349786
-685313569
-381855003
-289364484
-609047404
-721145737
990475159
798961274
328796663
-757180612
484102288
741693513
965821711
526679324
-497982251
-151697222
-190947423
508938195
-236563754
193120808
-693358214
-394651482
-895690729
-426038015
-993712146
-532954184
276964837
583799942
-718317139
-541452565
-312004421
-820468577
454615375
-565634378
-676522240
939763698
334843553
693556828
-633089337
537856045
-952984026
629143294
-595604853
-715399298
-913888366
378813122
-510189999
600199021
-932343652
-696270596
921372141
-973837117
34921825
537745899
45814827
324427977
-978890801
-233807712
36970553
-637755649
134060380
-967049068
-609355946
-801141830
166324632
-775691437
-137748845
296973016
-635712080
519739400
522249768
-913032394
-737735452
465747263
288176803
539678008
843004196
-977919273
-684014188
-871845308
-372412846
428824672
-195600392
-620460238
-12889295
102542945
136560718
-808246028
-191933401
671134783
91986093
940233823
22778885
-879641660
-682513584
274444772
405707011
250912901
217127650
-503238143
971116334
-644807552
555972680
599929888
-452842622
-701232488
-372961684
-80661081
-297871098
871635303
878008543
356392209
-259177285
641336866
759591773
468191973
886795358
-921995461
-517767745
-965261605
920835147
158134193
673817140
-786393985
706448628
-943063557
463910403
325109209
561023212
181622994
669000333
290610560
891475744
-999896135
472444954
259948474
-217589157
718987915
-596138423
-505387762
638936170
490072875
453412376
-757456476
314355039
710106626
-875647215
531890466
-151359715
594052461
932419796
-630641092
228649569
-463504819
552592749
-111318551
573288434
-771279236
-215190717
-835141912
483976815
-645704709
-896166031
805090557
-12964951
880220289
-246206811
656950571
-104507949
-311616060
407031582
918401958
446646068
-634009732
312025752
-637866744
131659260
873573819
-235473951
126027939
-731821360
-107533887
-322852542
-267220128
-539437279
-537509177
291495655
-702242399
819629741
656790534
381862950
-999213293
-983133200
529947768
277536062
985763518
-883632416
-678293721
-726186900
453304053
286243232
-873751713
701538086
-333459512
-28839780
-805976131
-707934208
107089426
-93204182
905888978
-289220817
239638850
-852825343
222141952
508336985
823156703
52514751
-346866795
39393026
-234079842
-180620154
537331319
-37114561
550577286
368042598
-484566203
-603931379
-171743051
-912418414
486747019
866825604
816925402
-194354612
490339067
186193817
-534367014
-14521710
-602206432
-597917468
897911129
-4304361
497071642
765085728
367202096
432370725
425569868
-659269944
-370247715
-770650547
375109913
42922614
327569778
624690172
615780438
-555661374
247573981
-339764041
639918715
740505419
925994362
525475349
-932114230
39501725
-455746660
229118759
357784930
-47533056
-541223355
-262896922
-874484943
-677772048
-574750280
801908136
455000396
-102057231
945383384
137009281
-444191690
-705127576
-467149142
-267910895
709558831
261812930
-256625649
-645288131
382455799
405217031
-806741709
964305849
354412058
321801810
-830139715
-517292280
164542534
-998961415
565194205
-568043587
836257649
966718431
652153264
-158833757
-39034079
724873592
630846471
607173259
459149243
141180256
792852137
800146589
337006570
273846274
163878601
-491962942
470921177
122225127
-65666545
533607060
-582251282
-95719029
611121272
-995699258
-943385995
483172048
-70475097
18782008
-70987181
-805352195
-944158414
-757026706
863997637
-369680465
-212331748
-373992797
647687699
-486053419
-348373967
-157428610
-361179891
-699185588
925989573
-247990699
450626384
103540729
-851431588
831020771
66608621
-89276287
-38002970
26685376
518552645
-641498906
235110032
967414859
-902628258
315867580
-806111388
948223451
686157573
-189791163
-93391509
-60826593
790777941
-928469148
-688771776
-464810428
332574543
984258682
141784854
-655893250
-171800920
-657330883
965220560
15411135
-600477290
302043699
878040018
-351694552
840964936
-763391347
708550352
-135233247
300770209
615247911
-417874571
-653699389
503417589
-301567114
-519376904
-610865614
-789970730
465775427
151268753
-496059904
536000002
-665200822
867612229
740765966
2234004
44522032
-33202873
-45110490
13551565
-271080377
-260193119
-571807233
686234545
-920232223
-576966985
-159427433
-789037693
-977450117
-842853304
-198499369
-907503635
-475643378
-387682226
179976058
971009291
398737631
736826304
316978410
7856810
-765668349
891306761
-539430644
708594341
164619423
-473035569
769399197
-881701049
803637219
-224412760
-420237807
-419074458
652960871
-246797886
-462078439
-441746925
-766988606
15719695
825054561
453906049
-674545617
691737497
705395822
702466925
571511365
599772904
-862469811
-904387146
426061965
439700537
-910128267
-191999954
-674009769
-665362298
798389224
756634298
875838039
601829270
869172883
-568286463
710712830
-335328544
-37891610
803735117
207033121
-999890044
-16793854
-742705304
588140052
748905191
-874957166
489777212
-57740109
-146608272
944579132
-275282547
726639033
-934820488
841485669
193267090
881361160
414519660
82609830
-456313101
419097507
203663426
626887263
141378550
-730798008
-330725538
-644222640
784993259
-212552430
-764028562
300595147
867522979
524944956
399557977
729613676
686858295
-210151349
186290887
305512540
-31041402
-256116048
621093178
-330783763
53324635
-52151530
658633857
357034418
-833476959
-966657351
-7851565
-401472619
-79388464
849865027
-267931075
820338548
-405648836
-86594866
769731954
447855514
-300821464
-880832723
916278169
151567692
-250540448
-827477899
-838186144
790753028
-159356736
-164410392
602272894
-227654159
769212380
-46272590
137037662
819431968
424985622
-47959448
-437372278
162195332
208704428
-82393476
606976017
629737766
-944055505
-811703134
271783188
-58285200
503030642
-445897950
802051318
470013806
-687770695
423767598
729462098
-311839733
-639135086
-960133152
-888786877
-497206148
-180223055
669104685
-397473247
-302904558
635772035
-792543163
698542035
601017226
853135940
-240342094
256847796
-898930859
-727601529
-496761702
429932206
-197169206
-540684677
-861543710
975805915
-746831743
95622316
745174020
-776598181
820214378
452674594
112769096
-145090609
-775121578
47820451
268537857
-974386162
813991935
565098650
-621067259
-50254151
367492720
-130384675
268802851
-324999982
-59961913
814648297
-706742837
-826559645
262385799
843593818
-101485559
-666769218
621235269
798027082
207120489
-954233280
-658784679
-844347168
535114613
-525061862
487077284
259510703
-367882595
242966542
-792001446
-343210476
961443244
558714223
123310048
818353730
53790038
-624581743
462999622
-366456560
332205797
-249430431
645245492
-750359769
136772253
73752723
-487056643
189766111
763729321
-140957172
-805569996
-361564038
191104274
-684727583
661416110
297997688
778564909
493108767
489415849
-807662612
-502598500
-12845153
323743338
-543229583
-345634451
292101057
-995856669
-907858245
-988375061
951273117
-375648425
94776217
25692642
107762921
-287492688
56500756
-908231128
-479510030
-927283804
753281866
-716896428
372870360
-576824721
55745932
12506526
-108419317
-292717813
-853779168
-773789626
537224214
925082016
-740536871
-285600067
-158737760
791960541
-672506886
236841934
690893856
592573347
457399297
-953800012
795250252
-35482479
745110476
32887641
952438753
-959927806
-434591858
-870882597
354404508
865414597
514827221
-542075808
409644301
-237907996
-776702754
611371028
-139470254
799404500
-805461061
656145570
775067560
-848751146
-718836900
-114625489
-723285353
-933340080
-63160636
-518964929
-84619922
351141471
-536546908
-686286365
708445857
378045846
699110745
-993612669
-727702050
423536414
562562995
704453490
-185749593
690881053
293888771
-364740118
-385044579
568706696
226403087
696106364
459791829
240280940
262432581
100749356
-541975774
908956528
215507741
-663835569
538731939
-917822333
740812766
356208826
166061718
272806304
427366578
-311545887
683909983
-642777157
343333418
612793355
559994447
-533360273
-966035380
-593204208
989362681
-947474553
-538145271
435218767
567590172
-783200898
923069947
-115971759
-388578190
-967504344
721151144
-993667526
465987285
-900685418
-820743661
268919139
-635125740
727248539
-498988570
-393197988
813024306
-328607317
863371584
47331845
-37925172
747791656
-762890320
-466728552
190547726
-157616145
13716965
905773821
-743750800
-945399514
-916116788
-660732815
782039941
677468814
-88849535
-435109897
603996600
-500419368
-429941297
-188848671
-435572004
353382298
-352680274
921850239
-337553403
-862459880
-204822634
-980425237
-761177180
-359614177
-82405684
483866018
721656641
-329389206
18247177
365732649
-294042624
44352530
-704904512
571083214
-795324057
386761307
5790947
529813723
533163032
605347990
629555144
-138607037
-779287055
-147435475
-436631659
212498812
914152542
-298951836
-903190002
787317667
-682023056
784873139
-627610273
-443355444
608527125
-959272257
138407109
754745695
-933713130
251365726
-4793364
-977109168
397976076
-380657624
-591726131
70112650
-485103697
-788398660
822420956
-970950859
-69145008
-508587390
-850673095
-895948527
-342191010
-97364253
678324609
-682830520
-269916261
-580042606
292933596
147460310
920065410
518978162
481403280
-574150708
-833630919
-204233381
302655416
-910430872
-387620536
750649191
-659995075
860765553
-293127589
-92940379
-533942398
-314384185
716020739
-933284277
509218890
769170103
-24752176
-69375431
250628765
-393975990
-661948017
-859821205
-792967059
556481474
-378694647
46844467
-825797418
489030118
570797681
-45148310
-496351499
447920780
-746393967
-14827751
672220912
338647970
758122445
-549134212
294901125
899436138
-867771184
-760111644
-200760227
-605931853
626774814
123860548
-529945078
619089125
-503640123
-962136927
-984350973
-140748262
-811434469
847816796
-272058757
-120012420
-805316425
611175015
-365841560
340980538
-868257657
-397435859
673800238
717991826
983011799
720925985
-345041897
648154543
-331145974
-668588819
924527426
-247641352
732099551
-58681962
809528534
-22782233
-12302618
-30297919
850274157
363895696
-826443029
-868893603
-200343338
-321616227
-806012938
-205844294
801014625
-3929310
27035572
538088126
-62158533
622107958
-458036101
891079002
768163485
7011172
760410785
906907846
25387438
611278512
5222539
893812875
-462791266
-841569434
-486177800
-636121458
646256988
851215279
574178225
-271237553
-993153234
884794314
-219877714
56190331
861859378
863546277
108094316
735809664
788369236
160538907
-288886595
-137183603
808287141
472747358
52139707
-379972528
-21921582
19433458
-750318074
326838414
259478013
-755256197
-423861148
368618563
-616914998
-579549425
-434178581
-350877449
-409093727
571238401
337062888
-651524033
-827492538
-429543230
-233533970
499579584
759942876
114837829
138257461
792713984
979583608
737042317
29656859
-804484263
-911685453
-23307223
140979219
-811642336
-222151562
294102143
-186767309
-862307328
-539927592
983766538
-845062912
210186008
-967963676
478721003
172163011
666527825
-516705911
-345190893
622839559
171653199
-174163304
369265010
504264325
-350450207
-93223326
929271187
843150535
-376914437
852199351
254332326
-811227593
921679266
319186407
-519807253
789071962
-699409308
340728921
-442056611
865015689
-206924590
-80651699
-816906344
332217461
403149785
895305638
-129250462
-347528072
79227631
185283206
698909065
443156626
320148924
389083260
874406229
123603331
-401477580
607082096
-565638659
-932368734
70695166
-142402983
-908678767
856854456
524423759
-610695834
958973336
530859391
345092918
-772432340
852425283
-379339699
117267988
68227674
-589521347
-959763701
437692758
471741118
-791340020
-773432706
12845068
-40444569
14102281
374735007
-240122916
304291455
-312817092
746224064
576455465
-127818074
-688721487
61151152
-138573133
990124615
-141576820
-13438096
142894500
290408231
918733269
-921055576
463659401
650803142
341652959
-906940822
-62310284
95372536
-788363730
-764086310
678117891
-705440946
-316504605
-389941884
-386185875
-446702746
278309491
-738606892
848388534
190366720
59550239
-100151415
-169127583
-439228303
646510860
603110850
-496366774
-776833528
-219323450
-708790408
-425598075
-111195853
-64872817
152601935
-922524651
222968391
-48790574
375267753
493303090
-582679110
-407434345
559507054
874152541
-838198564
711751395
-782771604
-469990897
-301445243
-462538408
763076514
-732707708
771982704
-9250243
-701369674
967644800
28243230
958508127
304420024
-719913263
-799964863
-275922951
-27070703
-696592237
264443627
-552692582
-371681088
662665744
525604008
-352411196
-473826121
372904906
194379097
-147996162
995192591
-516033054
543520042
-777337237
115652537
498513903
-469301348
187360871
506249527
334912115
353513324
-474643244
526781209
-13932068
513665450
421523565
-784618115
-977703317
-297115706
905363180
-187136047
-965167972
135636835
-284023195
341765063
-406835795
-396838343
597801266
-471627917
-965737733
-77757492
-752564653
337436830
-649039973
-149691261
428520433
-678629763
311477095
264281159
-497500357
-756120038
831317983
-285350446
315540425
978057276
-8074190
892662759
-936809571
112859711
157978277
-437475114
-269429619
-443748903
-42395157
60678192
-79837250
58575440
952865688
479603303
-921722002
755762462
-608688682
531672786
-960220390
656240003
858559770
-993529637
318068182
-86064559
238464892
527529504
-935086192
-795205199
741853997
-107506348
792229887
725236607
-554417179
-586618292
-404969843
-686297747
25398655
-235813829
-240738113
909063493
410546034
883869898
496059906
866997702
-184664293
839787064
-171326489
72958397
932348964
-751333861
-619774049
-375947338
-397939840
348046834
-295865542
968361189
-634225510
-557084921
-512216991
-548393603
-170038078
917969862
-263544557
-476357021
151340920
-940968611
360333209
571307680
-275688673
61793056
-921178965
360109662
307634720
167847321
733673648
-362751757
-89341961
364834204
616074946
-643521043
18957751
62924689
467688612
-868583236
496959098
431826639
-24421256
816392935
-50082153
816710218
509330574
-942296453
-338270166
3296442
818927608
-365492198
-64504786
-648176699
-554918753
698760208
-822051323
-536606603
-254196707
20168982
595339643
463959706
-687541780
374370458
360214835
682521642
540928257
-334047718
697867364
-76926467
-137847993
-89380379
982697802
166330192
-211455448
707380500
591325782
919657793
-988384285
369303080
165086235
-171336421
760475954
787160548
-600373425
955613135
-63888514
-850776300
454481572
612385267
-525051808
-957958803
298030040
994230354
-792359613
-480138961
-526556130
62472311
112744461
-666192512
-314106078
91820778
-285325760
304932273
-30858638
-195461318
888457621
-380344921
189038710
-900466271
178081352
-66426632
720482208
879780931
-872030460
-989568798
456799235
780044100
551454331
279166239
-499528421
-311884114
-100483500
646163145
708532823
765481667
-789596992
948409658
194865323
175047521
821855801
-123569978
287507761
156751312
-228612434
-574677052
514813376
357147335
924014217
624503353
-133956169
218416743
-451735693
-262122682
386622540
-130728389
854717490
585851409
-939502262
-478236460
-525210962
-726337390
601481801
-771154798
-630727296
-43749964
585545404
-39636311
257897316
623946414
364438809
727711322
-51925759
-590362007
-639432168
-326031644
-177260931
613813802
-514145917
568248637
-423826957
832960992
143269191
662219503
-872445476
982750146
-789438149
-20084059
-463950746
378531162
427583424
-961107039
-770092072
-929946977
-150914215
898166163
-255732150
-687820796
900689727
-620728828
-66692031
250651022
-63718357
756284116
-666941311
352217329
523675910
274682232
-253537404
-965192855
-713602371
-673951023
-560513461
-800433452
-217020413
-709799561
834904837
-791096926
-433408537
-645817833
119200656
374888963
-348069458
-293753122
-88467714
-446332773
-709662029
-642729018
-323759037
51756019
369637309
811099007
-471901196
173422324
222131201
-642589440
399724912
297439688
-79019415
-75639441
943879161
170578624
-255642758
-725168482
273992698
603936072
-115863470
360514439
-376492416
166830982
653852152
-310683778
288858883
614289365
125420267
584347984
298748891
-319514915
708584338
788467909
-193695802
833883294
-98207293
875996028
971272358
820528669
-345955918
-343300795
900087654
924845918
91759678
329787162
307906532
957410848
-896048981
-25190172
8111779
434382617
524430702
-493865669
-314388826
-895437753
-313912384
894295274
-250684047
754950363
185562798
-394438672
997664795
-871300704
-718201974
364172443
779783490
456411239
-895175761
340859619
-379988491
554243065
-15137677
-407735438
-299929168
467869391
881902787
758194627
473937491
-390324657
879347418
-840787005
7143264
-351004708
467625796
-817525114
842531695
847559652
25415359
113350605
450672008
-606616452
-148957349
-229430860
684125482
-104889255
513231765
-877062669
-652262017
-136527959
380902521
19103394
-773444909
277146804
282491785
584830012
-464755419
495805635
664176207
-623440747
-719044372
517383021
-142634456
-499209000
-499854254
187696721
421225985
-625944048
-842002531
546651355
-112729220
344431172
955076664
-562295711
-818683211
277097296
361386710
617377436
-797562502
779798192
824128725
-406196723
368024808
-58923180
-334979621
-705273553
982677438
-584453104
297184851
675063932
-673473877
421420825
-157963947
541396330
387595904
250073397
182001757
-206699545
-173228965
993298254
-412695055
-178493602
-462937166
308885479
757737477
-67115803
513369088
396113697
-367804352
-50053980
-597126882
-541352886
586197241
-49342655
-813056365
-189079467
539024137
463201861
-610358351
262977084
572210873
516066240
-767042234
-690602257
-908870645
-696734544
-485793315
815319869
383709095
890225246
146577390
961477150
-524879901
360196626
773960948
152530163
680860167
343775373
766066503
-11259452
-495909126
-511568584
-954868398
-614923010
52917257
-259298406
426874471
-299992714
-634103567
-378503587
-772811395
-627889208
987568818
-707402052
673497073
-358602859
747200841
-760787326
-136387890
994704486
-566887308
-128671944
224091837
191004222
322963129
83463621
867623263
675613338
-335985305
-719374519
239937607
-870339602
-570112843
526197972
682035097
474114550
192358608
-614377682
-679901057
-566515579
-190782838
-219663774
-968840007
328720255
-528642276
-601366240
-445784014
-765673047
-578791384
949968907
-539805171
-350733679
-422490997
595666220
-969128108
154179923
84561420
-228714437
949698122
163333540
-501274798
840078713
318301216
-89845301
-155191923
-544074904
60236772
700764291
-139036470
-172570559
456405780
740036193
262626254
-19651165
-384280508
-174887217
-506160564
-406271368
-778105662
-256812311
239435832
14846165
58527189
958275724
-352764798
106439461
-466388578
205087740
189993727
-269750444
-956113563
-910106569
-685156600
-751485469
-950446633
-922989561
393369986
147324782
692439082
520788863
-961358251
732584919
-990927996
983276695
655356117
321533460
-462410438
-349216272
-135573992
865204629
-846948287
362157547
915501066
-632720023
-220290537
-602389127
367826245
925524242
966758292
862711486
-674060959
-168854083
890767505
813546542
694909522
-547474109
353534378
217101510
614026110
-121804207
-883889935
-273570455
283398407
-46462620
-340098828
45589530
672908989
-692437008
964188855
600570481
-811670967
302228864
-852705653
430061865
-857399800
-396343246
-9438061
208527649
-351682667
402370400
-337787243
187664852
580578824
-648383167
-584063216
-462500425
-325383225
-972561047
353542092
-400198811
-570450721
-160601815
-418360553
883006574
101091076
22130777
-339150419
97626976
192725630
980835000
-85676054
966764876
-871501410
-557176331
779930654
264403849
-191349993
761729226
819099814
775375386
-753075426
310429329
457535853
-946916829
-197141362
221602485
-74938846
-778366204
-193664111
-779398762
764918431
-768982810
801698786
548298116
-792019219
708036701
860017504
-813368102
-71922130
-456953059
172558122
-297421346
502313403
75286930
-912435881
442282519
138884939
8934375
-570816214
-202165777
796647895
106187711
235437760
114700889
521855127
-7082406
311123239
-110249366
-6420667
17317841
-44343775
58938268
-1224368
817806126
22754862
160653590
-515471299
-362165570
-587304713
-638191969
937851636
865325158
-265208820
778531810
-217944838
-671052270
-138993659
-498439287
-442929515
830524109
-22818410
-840222013
-991140592
985947985
-992553696
532884400
-434990177
103303113
890522268
-142641174
-891921909
638067187
-244812972
125670560
972485659
77474932
-147598142
-351993649
-812711107
-245104196
633961993
-425600394
806690377
-696723000
-750110979
745384240
430815387
-433708829
528771311
-968220780
-407399578
519433561
-405807714
-760868
-584377022
-867877141
571532949
347830963
-897204601
-131239901
558127186
336853044
229289334
-650884782
-30686452
-42482640
590529050
-418965663
727814371
-506190146
276624931
150084976
28120430
102701564
-87534502
-874032184
-772996400
427154736
-50981924
642922607
243574445
-713860660
543724149
727531789
-318765295
-147107731
655426661
-123824664
773034507
881764904
-894903590
-689051774
318949213
783534640
-167445412
324623730
-636030571
-889702889
-250754474
-234395621
96729330
460802640
-660820457
67893926
879012102
-379763312
-866045567
-135844393
692833503
327521384
65125968
-604005018
-64889054
-234534417
-252367012
-44727901
-555301167
476090248
-127245986
190586215
-261177835
631412876
-652281412
-823134331
687293726
-613604008
-597409337
-657969571
-714790252
-280103628
293425334
-329051021
-181729422
994477701
-357668510
-419287558
-840291149
-785707445
849514453
-393490969
-514419500
-335995455
-114454513
-896854516
301727601
176258597
71565372
654664124
-11531403
-854903710
-32506013
742251554
296191504
846264684
844573214
857880632
943798492
-342215737
540022704
-623108839
297478165
322114481
-94154470
193201683
969025342
168828450
606473032
539958939
157448755
637318950
-110091973
415076493
-200644983
-326662067
-264531628
-683571700
-733272837
-506423317
780220440
-541330577
248287578
-215745312
167061828
532813158
391096851
-265897227
331075474
-133905292
-591419912
-265745853
166840335
673390620
-314389068
165681184
369690410
-543600758
-908237888
-55260358
242965939
-212662757
-487173439
784565258
614721574
-795483696
-595174649
-714716735
-989388439
-998526528
745851955
-145889761
-650784747
-851050499
252077956
543465078
391646438
-304565771
392413183
-739013601
-369192411
-854273465
551002114
-505393397
635831426
835999434
-272493776
22944132
901201896
983171621
387687845
313432773
-461309912
-720183204
347575501
560518412
551708235
349322260
609549694
-183840921
-476991945
882996439
920942469
82831130
609944872
-803065065
-149413807
-453959118
575425851
194820170
-46075508
126088669
-423754079
-963275209
-126004908
-176021455
-511269859
628835765
382918622
-461506036
553878366
474112704
-336842569
818252463
-105058084
726399284
524467223
-430539366
-969809629
109475948
424533305
-641178854
122406746
-73511767
-191183825
129992930
79185131
206954678
-101748903
-754175518
-23443271
-273936248
-124394222
-217404943
992695793
768432541
-763262342
-544390965
266294013
943038751
-500069477
-118152474
730360414
-916101635
-407038478
-562319972
446661299
-690619989
-132052753
-390543165
546883218
-487140671
60167351
711614117
178694105
975124392
810661058
240368367
-593418957
560019755
-478525277
572011826
-751522654
-140481372
-889400900
695588273
480729287
-439988542
734247591
-17906684
-479324060
713758204
404857230
-752530344
-752636117
-766824052
907934191
-237436117
-923831591
-487384691
441046175
-92778394
-710147911
701113415
-726098878
-82389347
483852809
220546519
330396614
591054631
-12690717
155371303
433613914
817220926
-866661957
-443577466
-245547002
-845815193
615131567
-59087721
421461479
581989045
-163698400
-388212503
131981224
84805075
-876762445
63828069
-948605751
794592041
855947223
763827159
-504070623
291886720
-175701181
-26790302
-903649522
97514811
181675554
-82489085
-820495652
731521052
-136002372
-165474697
315916114
343816242
-320740138
992097562
-334169651
153446039
-346648735
99204735
-584849139
-166191745
507611528
101077756
-159193288
363369149
839037838
-406258457
333521629
-147000352
780727487
146369551
-706442657
-257729228
-447075134
-101515705
535465943
91036353
934781157
-754647471
454568977
751296532
561285803
239775943
279289575
-376344015
290776477
365311125
642657896
501893348
-194452789
342425560
-269467295
-88170770
-671412090
-110592816
524694349
-385975873
-647539605
800169889
-81473443
-731501110
-611377487
951915480
252105685
-895849776
824282909
-770450477
-877011428
386337849
127907860
905094422
-424181839
-657021326
-618949766
221712208
175312081
-166387677
-868532749
269244608
-554141698
58427714
243023153
388768338
325786029
446947442
-317336396
-547993174
-771458927
632636533
-37892771
492772791
-20681606
914388470
102244179
291795722
-249026613
344765703
-774007171
-993557425
-796667903
-743149534
-451507442
664248646
-913204099
109399463
-305564922
-11339684
-689613765
37056118
610601814
577662732
-646405158
-11900912
-905294904
-177514768
-826414818
701201729
-179376269
-708732160
212311363
-491209577
205258779
713703406
720234991
-638608428
912727895
511040691
-309101061
229759238
-249857619
639680218
-414179814
-597153832
-223237870
-647899461
-472850966
-499247254
-142687558
-873147412
259792893
-765149063
747426611
-512130162
-658092382
-207331550
120878093
-394297726
-524124593
-524010065
-431075
-648529259
-742051207
-318878157
-349615659
-567412239
-411526294
-2421110
-447613594
630029781
-814118183
-148334822
-82724959
-714741821
243640037
-921984945
758965297
-607521831
-503549067
-98970018
-161650319
-42871470
-298657338
599741295
-960117129
-993026111
85864065
594793401
-63775001
893328710
-707225325
692668026
955854423
-315881946
598073590
-665613179
-512715477
128462155
739475821
-70923339
79461281
675805999
-242311132
601832788
287655127
-713274768
371185869
992227698
-25815757
995244303
-462615141
-998186227
48860797
684347093
690747993
51900173
-553817543
-434046591
679480789
488090971
-830458373
-302813591
-879041490
600989803
-335809656
421378602
-481031355
162100933
6101731
373419091
263762200
553619087
270498816
-853665142
416059963
-230067438
-512156359
150944415
875852700
252001087
-557277492
-734827116
337189332
979289978
550803753
139681600
529290884
365118689
-16828582
672616635
-931413793
-367610236
-826987436
277258864
571310520
-434332153
-995599411
570296404
565581329
-664618257
630651530
824729405
141069772
986294399
-307458397
-22118362
965612521
78315371
-537057111
-560713106
331946016
230669934
673281516
-535810816
308573688
-583046566
-169302343
-760172218
572528567
252700393
522422082
358887985
487393565
767089755
663071458
965021887
122635577
-699169332
357971341
417813719
-405287710
-107934877
-455784378
724528412
-752335127
-571238963
-135586030
-919355552
-617744106
-150128219
-528731142
917729722
-804988629
-799568366
-564153030
-810787104
-676290779
762821228
103858403
516894654
-849615234
373945308
-879141890
715888493
-4801173
219281578
-583136592
311022911
-910205883
642421734
903707356
4748206
912248252
-533222923
-750950909
-598920214
649684885
769583977
770983960
188577869
152636125
9239945
624837786
344806614
48035748
-494579905
341336844
65083993
639268092
-490444369
-201799892
496807175
975996446
573870090
-323843204
-614320698
-957613203
599835160
-886872170
276534841
482979609
808146123
57411451
613524303
-672133886
-512036095
-430685788
-659205243
-612180187
351152757
-605875262
-609239645
-846612064
60004611
705823969
856778236
443206170
992318226
-412485504
476221069
-688106495
-245981370
-648659114
15591583
-214772882
315637970
332133968
194770120
324157508
-932806138
-433473731
-432795917
831952328
-771658686
503581601
815868151
-669523181
465903714
836582707
864240782
-143653841
-948169253
22038712
-759206481
-742083817
-424703553
-450873347
359060746
307164524
102052678
724889232
436001193
258154983
242905040
845414794
-969090191
-640399890
655880705
448173719
805935581
-84900818
348653486
-877904305
-840722905
-732822025
631493758
243869106
-132539976
-499145815
359660453
-630365894
618886821
667320019
726295430
979881755
-381905652
241745940
953717185
467875971
-273147794
915437055
-82731541
-781038072
982727993
-577574603
-615169330
866988774
-406443747
-171682901
-753324543
498425094
-637492759
350552873
115822857
-11239650
-327223026
-869075998
-407751793
558377497
904257769
743526242
-699035084
-577119251
97445767
-98922175
632603969
-986296434
11468008
-50620548
-470637734
-106720635
259164807
-882848868
105695043
339018002
882970236
130994337
703806075
-39875782
123181133
526988073
-421098047
793674442
-772752765
-946906111
889222079
976120829
99553831
621407243
878731879
433125092
183745466
477896414
504507866
702310485
838962836
-864967686
61540519
-939963284
326694100
-89887939
-967634672
-533987996
625269901
43670306
-86544889
-247049890
182778663
786265588
-507852643
14229518
429014895
865330094
168979482
71549301
-500670700
266502257
203937956
-368204797
-736137330
-908283641
-276840056
-565244285
39631543
-95496869
-927037588
-9007738
824109201
261813275
-555040785
-752469548
-475322554
-467468991
911184646
660855697
-154697077
-868560461
9506299
-794782103
26311954
439252631
392984649
-992407043
382654509
40816172
-17653894
-384947060
174270771
-341131695
724697022
297633026
-99977595
13845592
-187330118
928717514
-816957496
-763495922
-957205394
-191751334
631873445
-62735357
-796082859
-718489443
647432135
288157832
-129892275
563254191
-619465895
442615496
233120200
240141733
-291606563
861674476
710548791
957373852
-94041882
875396743
-277729212
-894860393
-536718972
952700508
-32854060
-715195447
429262338
772319538
-927703296
-664018958
-624637567
348663353
-775526193
-469482818
230947670
663760884
193242568
49890281
-11888496
17426741
-385506151
-596367339
290110430
425600276
32052701
233441897
575800027
-884811352
-859733679
-432348490
903833750
993646231
470983468
230687632
-444524482
-895353988
869880263
-387715881
886696095
-536728527
-511351339
363355398
-194688495
-187737143
554148213
935126307
835155286
895043793
166707299
57165198
885681246
-844246419
-204298102
-758942257
-114265672
-870236603
-863620627
-463721826
268953213
434510722
479912465
-958722464
492235614
128457860
-373250067
103959616
203917374
45629639
460079170
693742136
-831294506
-507589281
-295123439
-511662047
-724878163
893142056
832960541
-810327749
701861575
-786960921
374722365
-941819383
-916638215
-438058281
-793753929
135769962
-710351769
641457236
-289880022
-218289287
15316387
991321937
736517007
861357286
-553145884
874740561
-178970441
-496032315
-117973358
172867756
191343906
484566049
401396448
-86910687
-11633884
558020932
324239441
69915505
142462276
-160701725
195225251
325737355
126028163
-428135889
-314063285
150803160
-522787792
-20475982
767079506
-920481677
-60451574
-78295671
-750544089
-915958305
758244762
-776270231
429740724
453944882
-833794275
336825386
-510038328
-587093517
-765030102
-857627584
935900022
664032265
378990789
-689063473
-456052003
-541804623
403149451
-37759597
-16411423
993573028
-921490965
723554737
615361811
-16747700
771754118
-977433130
555420859
-787786129
-977520622
-45469625
667186282
805717637
774144910
933624121
857668242
945225987
973788402
238789592
-553533653
466130068
22728311
-579286990
635619323
-640534335
742526918
586045055
491898246
708770453
-440201062
-975777756
-580650077
-524381207
-535697215
-779739599
-212916833
-561933712
-436194891
248841430
-138044039
-756797724
-525516047
-709775591
373395220
-258640602
-181728613
-270359442
455333103
455548771
432628624
284336356
816793803
-788862320
792658471
-373554942
838515099
133658687
610955932
-329068858
105875534
876567122
214590173
301063912
940908693
-425810628
56614274
-893197349
307114604
809684785
685629432
494871155
815443632
514038879
96127609
-515283971
581585021
-827993088
-266879064
645439482
126892248
-306794200
875754928
-663849439
-599772133
-701185008
-40792027
-790472625
465947174
166053536
-410298472
-570189014
151614533
-936576516
-12250658
-90539671
781912776
289119122
-429963972
89806459
-513049654
-433772190
35981039
-381321013
-709600341
619666391
-178828465
-998590676
-213620966
-961084234
-640423580
-643287971
-490374588
-35923405
-814456019
95234975
844954397
299759978
233808691
-158895718
781329637
-335535899
961085323
154301739
512414532
753158403
213066301
-637855266
-863073398
-271060857
-322133682
-299647111
93654844
-304412141
-464377564
-574599956
2129269
-420281322
-725138671
831009673
197592410
302737594
-70969694
-242569984
294864387
628682788
-122426765
-457696974
-426009032
43156620
-534665205
-633883254
408749151
953271922
-61102287
-170154618
-354176728
-745166560
-623479935
732412017
-729747806
322614033
720461999
121525163
42431533
420372585
907122201
670625204
380939348
310105638
-255485807
-282590911
329779692
530671242
9993405
487064157
-386928145
833275075
844007298
-851726167
923534447
-402731858
-342542959
-85146963
-677659239
720617636
-573505148
211284127
-505912638
784384547
-672006992
-409850767
147294447
-741200980
-952034855
-153034935
-469106686
528232799
-547248694
725590985
263495268
632807809
-138469080
686021031
-66815749
-271113174
496929362
872797860
-101535443
947744939
885598598
157635218
-379730800
757750004
-671403634
396509548
36812071
-593898512
-213420661
-2800453
78374627
381403795
843452219
-948669523
-514187423
-148571668
-328361791
401166117
-832635371
526333583
146218875
832186718
-719112356
150045295
71413781
-761842404
-713078468
-449730427
920706299
-676684540
-491745243
693272299
222638047
-945981207
-158972712
-18913356
119943825
303494530
-483063513
-156843371
575700975
-727806068
-323845270
530877292
-471126295
635036488
543234455
-924639347
658154175
504158743
402195533
-640482546
411194741
387487889
-737488867
-587897779
958236185
-521409015
-522857110
32885880
665194850
882187734
-635800933
-267203334
288944477
708195618
-909165096
-774331470
-560429408
865408539
101105903
-775876647
176695283
893292089
-686434097
251929563
340311702
-110881545
891309043
390695949
-481182682
-564794093
141466809
588117620
-88577000
553298205
375908931
76788899
499628904
868439321
-210541284
468253033
-700890816
759882826
-80790145
-500532016
219128726
-848165334
-539368188
-738795109
-927374619
357666320
44805327
-667633994
-580587058
-228786261
-889944051
-21497609
-453494625
-759743010
49112503
-43492680
-246242307
-14410783
734366399
-928502028
77515772
-885347796
812438218
-123072877
-842352958
-904467650
-865610438
897780507
-877949712
-864880455
435133892
-213107260
773514756
365742199
-56013070
-870190663
476571051
-196087208
661184747
823295746
-101677718
-773420755
-908779682
678495411
-941004795
21645440
-834198562
-307077002
459805989
186072048
-556402468
-94320699
-767965448
-605355431
-784169737
-561777455
164761227
588836924
797909495
856322808
-679795957
741440680
533514441
944754152
215523556
-86494931
-294845084
353507282
-441743875
450880207
334197441
-199134873
482805261
912890367
-257897099
-71714544
145245313
-186419554
-839041222
699910426
-155480549
-504301957
424546748
576776699
-455856932
600133419
508676330
-197239975
-903403854
-293379409
-74607001
-651245281
-148553795
-851516924
627746043
-226758980
473805501
-54828651
-947560113
605491213
115178001
757880859
38281490
-856277716
-49135180
-473837611
499796097
545658366
940835349
-454902355
-384298671
871520764
-661293672
-979423250
-932718152
-841298973
725336257
-530915656
-781503094
-241286317
730842772
-178353494
-563368755
447121808
454947567
-649743070
990021966
431304042
637943456
-896925430
4626280
-722271647
-473961878
-76415093
-601677730
-202607145
-908884585
-831966494
-646820298
163356577
845611433
625896419
224768801
395051124
167256659
576961904
658718205
-525447017
-155337330
-701953254
399558822
-575966402
84102697
5079088
464014798
103991162
763167703
969176536
2171041
64943584
973905932
-591597022
600529758
-808395230
-833218906
-608531777
701221226
-476450297
963692937
-861912404
441851954
646930883
591814615
-173716412
-466923707
-158529247
878690306
-514287938
-671959138
-400961607
-433413654
909579751
124443880
641082470
-970998959
39294062
377362041
-313185826
224518958
-740322662
71278041
-73188831
-870655129
-862157739
916994757
-249148611
-927319083
400237376
-343578689
-716881772
329348716
647116314
-597625155
-188653982
-8750869
227208635
924131083
-349823701
952850584
572354600
670998891
-265763469
-52031037
-50559667
590536563
-956128990
-837427694
408073438
692592471
920948495
346286988
346619813
-330606333
871516507
-285181786
-926709641
-512648034
-861758822
57285818
637542110
-909599942
-938431184
-122466770
-93060375
-740672016
899643413
984705628
418233366
30478135
-938989306
762487470
553999785
51439456
-218115099
-438492530
178989740
999333020
214880358
-976360378
-42318077
-149232643
-771933508
180994886
67672957
-356726006
409115665
-429616684
616551718
-209909537
54404579
-939408790
-336756877
-169911515
-925070408
643858162
924601189
-926506863
619161987
227463308
-424217560
379589003
-687386633
-902549447
-678809379
-681873865
559292693
472187260
896926311
175377290
961853704
-186439266
-147779993
-523729188
-661338690
-116765722
982401250
300056744
-141706097
-35928505
-14484289
-25675934
872496053
-22445557
-554135486
228930547
-284140240
103329369
222851872
415640194
-260623951
-531057825
939621806
-706810178
-732574635
-744163235
-551509391
-434741716
560794411
-371826996
737302752
134220568
-272476971
623646346
-281688389
-98856835
-46247411
-88492029
-884983192
-764625531
513706885
1514610
889589614
-975569062
848558508
-836305803
-447047119
163739993
-762541591
-640100400
224392254
-1499919
-971540110
417452136
260741764
-156943542
851064502
169901336
-74022889
-809295680
449993874
71448728
395868334
-895959333
-356160297
-10159520
728973962
803509575
562666880
-816073023
373971258
724149191
194050831
126084433
420336754
507196396
56265723
738544679
825797279
521288098
-32919054
959908892
-213536102
455209595
-612444634
676038932
967350056
433984755
-868691956
370972751
389399278
722376911
-48609539
304059519
-80739589
320879893
-158635547
-469458108
-336697754
-843632458
892427287
465793706
-444320257
-821977975
647972228
-424524923
979691278
519444206
-207971590
493243225
-770922860
-312751332
-268537591
-652354752
325887319
-192768842
-968696195
-192477357
-749989695
512622221
365650638
630848439
122103306
123004734
-808567452
957451987
616455211
-704912761
-269352587
890521523
-965969198
-472293737
283156783
846814651
880282914
-481118332
116243128
220152402
821324114
985521308
558392924
119231704
678013894
-761356742
700176007
696564404
238522768
-963044323
-22428733
-397102367
907322710
395198926
-143860865
517142272
-165451749
769342579
-100749051
-899371971
-761762013
399279016
641723177
520476998
124205710
290219215
-918886057
-961461980
-915309212
-330089659
388402321
459335796
-313318377
296772632
-758987667
-135867817
-851448917
810518281
-44621198
640601077
358246750
-570684370
337167425
-214699952
34917429
-475703701
-397340030
-406963711
302916229
-743196692
-809621450
-967673929
309272226
278609355
253958034
585236155
512791471
-587967148
128604410
-210301134
712370186
-78344374
-838774339
305944550
330217954
601293819
-287803932
-237999438
716787723
-161397159
-852491681
947050603
-336424388
-279659944
368064284
487265173
858964758
-171602528
-46627950
-896024969
-95988445
65406750
60170020
357016704
-453502571
519237403
-408556910
-682702907
-871404215
810209134
-460301675
-663696510
269662370
827877374
-525592213
-25979072
427916670
39897426
298273228
-919959688
-312747120
-333349727
33381299
129295275
412231644
-215765598
851154491
609595474
-932500610
-723776674
-494573731
-764880357
562366683
-345535793
414036625
-24152823
-48058156
-982552112
809068884
415981023
104130729
-475116197
435067343
836839137
180793033
-869026435
-960054527
-790318389
-565448451
338858449
96351190
847440932
-583853183
150768836
-605236006
593946045
-953338331
490692015
708474818
-463436471
-244644232
-25701299
-321807158
406161902
371923552
-578774557
-504734565
716740743
-422470422
266428483
-88245893
351078676
551383496
-593674878
375109086
-183595917
-329798694
344329654
-615868376
-443625545
543014156
-966449806
-989263855
-465610568
-542019165
115244149
963094100
-229544250
-837162095
750425960
-275872230
558023545
874690448
67644649
155222107
907737164
63465012
363996105
-840487555
597343243
-518822481
377604366
-538367520
-472229768
393251250
596085946
757917080
-384192475
-466304935
877060518
-228526779
366549792
-788608847
913888228
811059307
156509902
-910613164
-277074269
-518130449
893648823
827716136
-683891525
761547249
415747497
-572823085
-752380927
-495507987
-807596035
-170306554
66164599
155942092
864555849
-245122327
143897953
749448467
-974163187
828118660
889324433
-623776842
-865918624
-631301588
-476569649
105660098
-127706717
-716376093
832513242
107590685
-120841729
-446378334
-591782753
987277172
-762046057
-2829048
-834495312
56545164
-347301545
-136194933
827847827
-946498275
-422804785
-895095675
-108480794
836985781
357901273
984856550
685335742
-193453679
16464144
239441291
-65723861
933505323
174997503
670445124
-337157719
663654628
-81510787
-114016961
-831935940
-703126359
185103665
245870797
-484737936
938856587
-462087529
171217430
-121571404
204469096
-580377744
533489151
-913881942
924912656
251102966
13086749
-420171913
774083453
208484590
-46339970
-185339043
-183342939
562140625
77933018
-942887801
-277197498
-51919556
-75752327
471659917
59197750
34474858
-146710907
-289550049
70720225
135395378
-119630144
646215179
-416524000
-392645239
620292164
-974598838
210369942
-487974237
309148198
776811375
791736695
694693860
791863782
286784465
379209013
-579673085
-564711099
157354333
999254413
-622066433
-973716952
906064337
-591506307
-931806806
271257853
203140788
596928546
-542153445
93139219
-242930578
904472331
889604956
873933039
672842197
-249312815
-419284424
-757527856
-865752006
513174617
-460338986
-529748789
-885022973
861231589
473976921
-427246009
24539824
-685271506
618912283
-521948142
-940922344
265662175
714798894
-181423808
-886779695
333680057
47539920
318515306
96312548
956241490
-529199293
605499090
990516847
991571763
-479640
-524871653
-353931739
460907027
580670383
808010560
-462884126
-642834250
507432320
816203981
-188140273
-688864162
-277494649
-112597389
464397526
-566320561
-63398820
-973779311
315573245
-673355362
-332338438
-887059360
-678570564
538557881
-61854313
749681269
-864341903
-10196269
181949322
-108467120
331525146
167800843
306352707
-57527997
-379810051
-229844082
-504498952
-180057378
-536847953
-771990447
668198456
-832138303
-300845651
426136148
-208285493
386712103
-574796422
789192178
73457477
934343557
932625361
295995186
-2031022
-211017037
-565151999
-58501490
-777610906
818667645
-998992192
529998647
-535848282
-70996240
-365846189
162832094
-418743997
-847575115
-234920867
-301574459
-453729858
57073216
-443091097
-436758639
729099132
-555497662
-406688475
-379270180
313724613
146940572
28540022
666215375
294941297
-406034295
580695296
-54547678
974945162
-246700894
94998168
-548568313
-42264021
-451856523
518366729
704097532
-112931657
-865531859
-414002445
-198506581
847747866
69672870
-283635937
69498939
429836879
149452215
-612503894
957391900
889790614
-561162661
-639006363
505081617
865754306
354943702
153795757
-587699042
-200443812
965081313
209447468
185833095
604383692
51295379
-56297873
-283688881
-427269312
-574178123
-166298044
843121348
892611150
22829941
919434269
122114537
-365979412
-35366696
-243487934
-282237883
840057797
-355127008
-901711833
-758594271
-363820327
726569227
-870761968
293818668
-180717027
-716443344
-124127263
366954570
145297218
706614528
293943817
-463993120
-673097072
-419699534
488746260
994373135
-985745153
-550038701
-274337086
273824871
924744248
-544270608
-688687528
448929043
477823087
-985332844
-700813196
759456712
-690906795
140848635
455511324
-525764835
-508609485
-535869692
-387504805
-761190051
883498492
-695466312
62072339
770941351
-431986023
-506679467
-892785561
-127767744
-357461519
55911459
668247092
691196646
342937337
-545176511
541022410
748458302
268263835
-827856155
-606143190
-512066057
327073049
309547222
518892814
762010885
-762881130
-83490761
949589674
546047242
-660402701
548506982
261004717
219577741
910154404
-695647432
233519960
-381405203
-999743308
426106501
694816319
976595645
902220762
721834918
-798940979
591712728
-950727844
115726239
-351779948
80314570
-169206862
-466424568
766088535
533401264
-298454263
-271663407
399352891
-512402230
-172901583
916401678
923013508
289440216
932435615
-916940704
-781915133
-102681756
199178353
930067586
-954600425
-949912578
-626942359
-369209171
812928550
-676774166
-955917838
161217205
-735104361
-180325715
-131391341
-840032723
24986495
-808183159
-533395036
-97536396
-190593900
-582436382
820554261
636435901
-75068548
532505012
-93634532
802549469
190515493
751106542
458477080
-625871889
170565099
-301477985
-976777447
820619933
959405362
365226048
-319770502
-866755782
302617671
962455421
-766444995
771409384
106315858
-533937032
461878525
628670581
69689938
369633471
-82452331
-741819661
145767554
432283885
-508393579
-62179667
830139687
290343085
800602619
-82247626
-866709520
-520340272
847618860
634461066
237692933
-725285805
5202435
786095317
-32674770
-960594901
-260725889
474690837
-494399011
409477481
157277339
829793293
292759576
-446329112
-879054106
-626297175
660131531
28460279
781372715
228414304
70346135
-88049925
-271103440
-424792582
-646899846
-777148136
-524558797
-837614778
-937767352
890776847
636461688
790520728
-84063339
680794554
-955311267
900246278
170870718
-442795815
503807096
384544164
247198836
507325886
-991866955
-664401804
-742359763
-884386996
-413707692
-764092505
-722971294
-784051832
-180418580
-611350510
745443670
-648667796
995089718
601766293
-278236172
-866151674
282716110
-147119247
786147086
957203158
-351215648
243854009
827347834
-988397356
683601121
970971329
601862580
104182407
635679992
-435744996
579706553
294544184
-867615242
-126272658
760985278
-180775863
-88505742
-200406367
416305454
-145819517
125222990
-876533727
-761605028
-723242592
-962930691
673055842
-180988579
356445429
-465964131
-821672909
614768465
270806659
654185519
213374988
-737532436
-879964553
414222163
883396388
-388745150
-341483001
586935765
-760385686
-244719249
266944402
714756913
161482507
416911724
664341709
535105545
-688720640
112431714
-125628568
-596631820
-454643138
-685869220
964543326
628714525
-894899341
-277589054
678912680
-544724629
-729679741
858045344
-508921190
-838993705
395704731
868597185
-340450903
-550138734
854661467
-920857953
863935617
-29770488
632279213
-234648193
997160436
-462065315
898758527
-761107545
-715420991
-768025571
949649622
-196646398
744779430
532769464
-360817939
-456385900
797939019
-368458031
-632375654
502043191
729077575
804635144
937454607
-703451845
223687306
478078835
923292920
-72453487
-900674362
-282361816
-918656558
-845801120
446937560
-677930236
775816361
-548260998
-37269209
100887568
383855010
613948940
491035423
711950300
-449306306
-98093841
-315973689
-464593559
923521750
951588927
-460957955
729671918
-402896856
728199650
-164214972
-406649451
968804935
-716629115
-137192199
223116386
874040354
-943174389
-225804297
459582198
-661330675
-238381455
234169100
250390896
753593894
873798983
-69397137
701074927
-5529511
993407690
-565466644
-341508046
-561802786
-534194789
-512199259
103991450
-398675870
-78604997
-231987462
104512316
916651145
-24731327
-499869288
-76718756
409274504
363146205
796760676
-970211590
-527111351
898789301
61362166
-474059784
-130267117
275873532
-922271444
-482558942
619372101
129032821
624089463
-797259265
-903022925
173479388
-493007949
601971403
-302488760
204851951
34947496
-988306156
312075304
-985470037
853334731
-691522576
467519438
-953704467
367620597
-295390601
585321918
674617122
-79932751
-953986929
799035765
434231801
722521126
-887162748
81100979
304885295
647892223
247190192
-322478546
-298405794
402336364
136377577
-730356996
-191874488
-918092778
-995529785
21783705
894686799
371408949
-10468310
-826840280
332293870
-497119733
305414591
-163422634
-317576263
-709936167
994554543
-358746592
31164807
-751371638
-755224990
-359357125
-593897752
-221504233
306843364
804794225
-509016480
-6753450
348494017
512910104
825961275
-188165122
279874788
205364386
974897027
71296858
-554977642
376619008
-646377929
156902114
-596147365
-401881427
417555369
-14452178
-510034486
-380649648
435456204
432507506
-305767157
340925060
400241959
651896514
356905807
-32905784
641009825
236425750
-630253883
350861045
144191684
-256752161
166146044
-385026671
-776797653
703284393
524129674
792775541
-59016133
-513751804
-65919040
951684975
-138951095
636582651
598714413
-533843284
45309473
-708791650
610404090
232706848
-857255388
-127522032
-60017610
385627247
43905126
87309013
572895104
-413063757
476464201
686480328
61603147
143474455
-599409759
644820419
354680823
-457995913
-103015484
255791225
294232306
-973590823
477957601
-525952437
792337875
-425689244
-633397374
497548589
431534928
427177393
-55977273
-651031334
373089315
668080926
235754155
-906045438
-451103938
-685034619
392600580
789241143
168445493
113860866
-137741662
638324663
309144149
-268803278
-790027586
-441315074
-624957952
827206292
128909892
-486204929
636187407
-928396067
-980890038
894105448
578732302
972976355
-93200480
344507460
-509914602
-625726995
-73089033
999478929
-952957018
-219029738
-279643496
66921134
-881568491
10734033
865495934
-568957699
944179438
972482700
-939695436
376107845
412300855
-571336540
187288672
-99934265
288460900
773210326
-640110254
17615514
579596365
-70466315
-813096758
-652682627
929917180
-527519070
91983880
-324859646
821440030
-292949110
-501078929
247532562
-49698844
543374358
162457853
-287715801
-795109623
-472089268
-326140922
177835389
812928784
-804249038
-449430538
94913722
-726729853
902531496
-46787937
474058930
561543810
554244265
705247641
211399367
46752015
-460824180
-159443147
464444470
923495056
-858463202
-328952168
-959002966
843150957
354081905
813261293
-731119659
-766872438
-540616186
776356911
8469903
769485602
-780470091
144676261
988978904
-570244050
-881050316
-771758481
-705946973
307253780
912893863
518550221
-191068616
-884851476
-908497298
-223167492
-756343102
-443497526
-796359152
309545710
-40846107
-199854327
181913653
125440742
-158488455
-694378653
454183620
151676077
-56471045
-756463425
-726478208
486868326
359423211
-628068859
-743444914
-203065968
-530455319
557534726
484918926
535025619
437390629
-446192676
-961635831
734033388
-442501225
-668549413
186439514
962534953
740147270
557125068
930853704
-179855180
830055887
109511151
295344570
-862731523
-78404440
148224399
772415869
-291222630
168759225
801910534
177809385
-568129638
349464098
-862699618
-468167252
691785643
795118563
827409286
282703371
570457959
-649859650
-830545673
-476198056
431451093
-656839412
-307643946
361524878
652995618
-119142574
-836065412
50493673
-635161926
-521426095
914513652
445671455
-867091901
-706799669
151118946
618291605
969573360
512048551
129699054
-875243343
-53245769
430383028
951423016
365889576
912070242
466925601
-573501072
-999894032
257628111
476520001
-769921683
527974551
884344696
529123417
222411704
-865116560
-784278971
965920818
-185027916
-282478214
-616302381
-276050643
698972540
-858365166
374366655
892231073
-983628537
986103798
461120227
-448293360
806932685
-340901462
-878835218
-941932556
144640113
-604213872
-992926837
619050778
289523325
-346432706
-221035432
120690046
814906859
-462418401
-910831846
-119384154
-226347352
-521629429
-865174386
206847302
599453091
235211962
806754117
-884104991
-890950346
-495473288
316212806
-826654729
-4735878
-703466533
-55319278
-298660171
-124368621
523479755
-866225299
174548009
-254092922
246513473
975582535
-657907932
-220049652
-2352300
-613790203
-596931070
559191361
-41264642
664960684
-892151039
953068509
613015260
-153303823
968558118
560341976
-668788030
-814474815
-228344361
-538377365
676298030
-215806434
-403514513
-899140268
-21559223
-764475440
673620131
81662523
-386882968
264807395
265335570
615750650
-845244291
511040980
70908855
-349055005
-762853981
-51837831
691904179
336760583
-152208070
-935179377
-922922941
294245727
-626045656
-170852170
-741450078
-477113138
-111013737
-140202156
-882451791
750060508
-317573952
363056308
912142073
-714334434
-867831410
-831754250
992519249
795195908
-563217226
-781886789
414582740
-996106844
-883125107
-322178594
-655400994
448793013
-44969787
-168424973
-600787854
-826485979
-85293079
609373632
-448506513
-202613155
123571297
-530431474
-208147578
-526612199
884897144
571848946
620978057
257376579
796124293
598009751
-552147131
363906208
-813397803
-93084084
4541954
560117688
-880411840
385626315
661001075
20182053
-191540019
-185417814
-677587850
-591019023
-883008865
-857352923
-192697253
374165056
119529967
-157283571
-726775832
-10415991
-230446184
486753320
898233018
-721820438
-543850970
594739127
987405483
-601350214
663525920
-551252274
899515303
-2251475
278746545
-809622069
214838016
-752354652
-409873345
-493180189
-527420007
839135534
786242610
273056330
379079302
-906886745
-788967062
-149712690
428065668
734533042
-457353210
-558650045
485595782
569688872
-34161667
-6810038
685716672
-307549307
254388417
-884277786
-869278717
76122159
291045602
-325532328
-656164040
-165219077
-832260975
994354741
134931559
-662375562
-536015365
839616019
-878941974
621847673
-315226643
-7377003
-815641020
-688321214
-717666059
141647216
327037716
-716575457
354534280
-250886283
-632149012
-609857615
-922199906
663574758
-570671443
-958978741
225063038
-698390527
246399849
-924317235
-83658538
-501342484
-764931574
-341792299
165624908
-897375948
-556573166
-764455933
-385008522
-922750513
418480619
98856742
-797618196
-425254845
809079253
-33581217
372454312
689536457
982255495
-224313854
231386262
-192057084
-473229006
-65856255
23241761
686719268
-339333526
173914346
161472776
-630816164
-596657502
-571272662
809730419
299347482
-555273649
504059297
-546462856
-747186410
-139967609
155063617
-862478602
956634878
83858523
810159859
705841937
579947898
-565123382
217931838
-798212906
681262973
-378614778
117686680
-871921358
596917895
-448318266
282754857
-742471569
-705792713
-845071952
639970079
-105414266
38513224
301169138
126408151
-53665278
-448991747
597026295
-331106004
414447347
296863016
38343686
-860646433
-904916911
-271157867
-16170245
-642646028
745033971
-950599797
741849461
-883150762
-203348855
-906748724
-796123727
133173473
769097002
482684047
168345989
268627548
-616289501
-713088129
-285365089
-405625437
369965927
337263043
12114762
-793599156
50321987
195349527
112722274
424947691
439552136
-441685536
-139045541
52280498
410314233
662195460
161742367
-165507709
852963557
208791756
-1109843
-302065320
141552751
-870189123
413207432
15696718
220779408
-434395019
66595102
-138649116
-498378314
560802907
708937137
-969756733
298116562
-434675075
48950910
568258728
292861081
-426545697
-661485452
989738788
-742164629
-505060056
-474750663
881009489
-863459271
-189399716
271575951
-161413444
-671118705
306009851
198448122
577410395
-527735914
779362868
123727928
-773926699
988324194
-744930767
-945262798
156178958
-303132012
-73365178
516912613
-441943565
271413623
914830903
977685244
-406471484
-96378845
110029989
511732874
465381374
-240567790
559936904
-87022510
-106988361
303215488
817224621
-282591498
390184235
648126468
511043553
-855105127
-48158310
866618094
131505955
884251621
725236718
516600138
-821546257
-747974527
31163849
421841785
60852720
-308075277
-237825213
-580237855
242555103
833332883
-914433438
-53252119
-994932543
945553987
-41548715
-165470536
481134476
275862386
-747039048
-662555664
386590369
-142253850
627974163
-286206670
951305275
-500171536
-274227348
636690860
-432076497
551443486
503512245
-251345807
-347542686
894726253
-990293671
-293445878
-844940149
-888161818
656227381
134229961
-376438371
-71123701
-395236866
639038456
-152576178
-497173336
556069885
798365153
-600133950
-540795030
461653461
478730068
478705932
283003811
-280698740
599606564
417073763
-593836974
-406037270
770755593
-622383187
886999556
-849046235
508416388
124285813
643597575
927479634
197715919
569917394
-294018200
772211011
732870918
887436684
496756687
522654545
57959839
502566044
-202426268
207103503
575611379
-972602248
-956898673
-935678812
802636017
105023028
140966911
-454646485
274846479
-970738414
-820017096
-997945179
-958017696
-939556998
569420339
-836077819
958930926
-811921141
7696936
-425544595
-914774887
-820288583
323217490
-559544810
-647573983
-313400296
-221455995
-861225939
-326572341
-269133186
-563786903
-588027499
818553840
534885894
580290680
-646868338
-83611040
583360028
-298852892
184664985
-800549365
478507160
-719284995
133908766
816737314
930373825
819360877
993229824
-451545726
-198832862
883248764
410222130
645851058
-982650179
30755889
128398516
-533656989
-144931214
416024730
-361514631
-781305878
664624029
49925710
696014237
-13987129
402305388
658552107
286997614
802760086
99955875
825008701
123778062
-760818114
707682952
-28340380
499522247
-820804759
727052298
919071927
-475732517
198478493
277913269
419907273
-413735706
495678543
403156958
957359201
526192913
-356911273
568203964
-164289461
63974760
994437570
247402036
-726544233
-20202097
817187460
767318705
-737566506
308330699
963870210
417528767
168431237
-389220912
-926785422
-353440733
575142960
-119474321
904948952
969046838
-431903029
42023436
78479015
-493339705
-176377666
221790066
167385785
849468217
-276215484
808265951
-93679545
-228341149
54102877
-421116923
-338529202
379485480
489039182
701786698
-708037209
220924714
645631489
695610135
379253350
833465082
851894314
281132881
961137958
937015394
-587987549
795672338
-970604567
-822423293
-505492795
-976200981
414522559
62823131
882023198
-25178465
760773894
-756733632
-257338265
-540030974
280939630
759416349
358260510
-989372639
-918109438
-761819229
65502180
550401149
-420195378
742000529
-146318004
478393662
-321205370
638760115
-295818352
-931162442
365500904
-183359405
-638009579
641479349
-392652390
794064982
-960459758
27769359
621030332
-571848501
-474806393
-787997487
942743406
-346501117
-629027175
919921867
718597956
814600335
101067564
-849558674
-483899923
647915785
36077856
-544411194
171601026
-525764682
-648954197
-371749982
235489241
-899639453
-448730301
-722370970
514131685
216271605
518236695
-866859560
-324421575
-339382388
-141409471
55115206
332161173
178329274
-40442711
-305732945
-637181866
-786286372
-770173869
-28169723
278784605
647706237
674932685
779960179
338579624
823688893
-940931176
87666698
-886001337
301934318
263369392
-137701909
-467577430
-310358433
-184838842
-58548717
-120546469
1663552
222258917
167410308
-795237000
-255384835
-457567479
759995365
781207047
495642632
-537732385
182211224
915607548
845604298
-539852336
686837146
763140657
792162569
-50737680
-329475507
920569207
-99294032
650498632
-399161475
70405955
585633161
980254802
-17647987
472278910
-833991872
-13014043
547098282
388969672
718802426
-685604569
452459180
-7649950
-717662048
-532340585
-366819679
728796301
-288504346
904273870
383066661
-802256179
-943457575
11059294
-757113941
-842496893
960875556
-563466153
812989378
-339200172
685751172
-520940846
17951629
988756767
402541751
-554928684
-265965782
5662703
341323487
-847176213
185175064
861368874
-898141355
-733689820
-472274475
849949408
197450556
-209028842
316424274
24799418
512565855
144306788
162394731
802228383
-569612135
-116882255
-866941015
175013636
-895893501
-895527113
934105292
255952516
429572581
-679159484
505216008
636549274
-127298343
-362940848
786391277
901238660
461700325
-968017652
-653623818
154427759
-977751866
-343269042
719106595
640780497
-815830190
-217284763
631676526
-170739033
-673160825
575056096
864742329
-324448792
-817868287
841295382
-855712578
-676310333
-483879790
335467298
202877273
-702228780
254506436
667344708
522358337
-890284590
929779094
-742637657
-402668355
-482801853
6000242
-468322318
344512381
249910756
579630458
564869464
-950381160
-243090495
375086730
-64685227
116494373
-215051711
-618034247
37363901
-697484329
196358801
-168748343
-855688887
596856253
-296806620
-141059623
-701220954
-262270860
722615943
-432223421
-384274078
547962697
-13287601
437363326
-237969070
786194441
63224737
644043189
-862717947
-427989630
-17084748
251617133
-563445406
-214563365
-466816824
-112347460
-812509426
-435243005
227602222
752548445
-789517646
-543362866
-377634781
-594186804
464424
-206747863
-297546078
-173004617
628583740
-294085333
-572459338
-836021149
497641921
70752181
-25385826
477932510
-292223382
409256360
-344227045
806759056
-964585671
563911959
503236500
-535195613
191017752
-66317680
-837284804
-530215215
426534103
334217037
-914164227
457767429
788206122
690920821
886622830
-476327262
292688827
960036336
-489676426
330942260
767790421
-374811423
-765574913
-4436865
-678078692
-887206233
164623036
-55603833
805206438
-259828601
-746105885
564996232
-860565601
-245336919
-621303558
-917308895
305232951
914467539
-72155890
-884031468
-321168151
951044291
61654164
-161394919
380586289
-189520569
-991196586
383419116
672347666
296727812
997536701
82472034
-96866333
243944166
313814999
465416461
446324878
504446902
-911129882
75764205
-44098293
113215688
-305367261
-711489667
-226888867
279131322
189488793
480379030
-42461736
-616110084
-325033680
-788359488
-523882778
-490780529
-832883237
554765788
120570749
-859329685
454480472
908043497
-41522390
-108258962
775213663
-66184458
-388504892
-875559743
-838953507
-246415832
-889859774
145086667
314028900
-628467294
-178624216
-6530374
34331115
-388067207
-406296928
705384862
32424651
791055072
-378485265
298450229
-59950721
699544374
-691908440
-48275059
470970346
543929778
-804308011
869806815
-759572870
582399201
123591740
553432456
-631892797
233684796
-398592017
267308523
887542559
175143638
-763858874
-786628551
915411535
843131326
-898968096
544769819
-413277397
-206057246
-157931893
-430406533
-645520678
247243198
-643387593
595194606
875882460
-193602614
158654288
-955290747
417221628
602132595
235446617
-68029646
429054288
-50259412
978485756
-531379134
-233102025
822007072
494270593
-731506869
-890959550
-861394382
48297441
94858658
104676581
-592622639
114208086
685756484
306227747
650023381
670281220
-293666176
-140815586
770669552
528248254
-303467314
-994887564
350654115
-703926053
-683165345
377167662
60177155
-437850761
772075381
446263307
620149044
819815250
710215589
-778634122
453015410
-34263546
-260914976
-725798634
594803549
-856849361
-106277328
389570971
-767915248
-289770080
-744824847
-490494755
952441837
735050219
-791769233
861389319
-643389273
937965295
-41010515
379277170
882082918
214041104
-564235702
-587136083
209845465
-329618492
22112995
-468038198
-671364069
408127170
-892265648
-895030759
67106807
214550293
980325664
-356348673
464095524
-547048722
934041754
-247062812
-184445583
140976023
645439477
-268297331
-622400816
868835939
-243337619
-365503843
829438857
-29952602
224652862
-532636005
653974944
730431339
-945659375
-950842151
338916367
-86280004
228339250
286371303
53930925
-373369548
-563700882
-711917747
514212228
46493781
-217025233
596677242
721314919
314506605
-506866485
148274445
52180101
943038022
-340190247
71817520
329323866
-185216348
-301115822
157161531
360127562
202175451
-633424957
692118560
-132799531
626267103
130692130
-483379341
600691156
587753896
630205902
-738669350
-104419294
804774992
635063452
689561289
-956566795
522229071
-711678075
-976352356
362033521
314445637
-174259564
412926372
-470990374
-958184936
-371779691
369155702
-573198560
-680542594
703451662
-594403917
-411766981
-73459285
585932940
-861065197
-768264212
-542458235
-157939067
-582789724
-765654382
757491683
541151828
517186322
-273667725
794114040
-882387888
-365885668
519591718
-648015019
-397193570
-872661195
-833948015
875888583
715548412
191888897
361431309
245235767
-162114680
441277539
-979354839
742524464
78828109
-89177550
558796745
-478769189
831798533
410895063
-305229123
267846184
-317907053
297979427
864638563
30116723
479239072
-247799137
764517629
-434397815
824355635
997359068
-932521415
-603126699
-339216159
-631929970
75187585
-582307357
940703074
-378009623
428094912
549522895
606263479
-85565855
-109444539
-431725823
-445067858
-707065487
445947341
423164268
-442901748
-744261637
-496601220
534850169
-394218148
-122926055
-820952215
-129029804
919317375
73222983
536177986
655546677
-97495908
500810041
840485387
268002365
-759484307
735924069
-490853350
656577542
421271839
-311671658
119441617
-492919657
595386746
