8000
-999907650
-999896135
-999894032
-999890044
-999814307
-999743308
-999644033
-999213293
-998992192
-998961415
-998644213
-998590676
-998529057
-998526528
-998186227
-997959015
-997945179
-997100569
-996106844
-995856669
-995699258
-995599411
-995529785
-994938484
-994932543
-994887564
-993712146
-993667526
-993612669
-993557425
-993529637
-993153234
-993026111
-992926837
-992553696
-992407043
-991866955
-991805390
-991196586
-991140592
-990927996
-990923593
-990293671
-989568798
-989388439
-989372639
-989263855
-988397356
-988384285
-988375061
-988306156
-987979655
-987887913
-987257260
-986617929
-986296434
-985745153
-985470037
-985332844
-984979707
-984545884
-984350973
-983628537
-983133200
-982650179
-982552112
-981692084
-980890038
-980425237
-979423250
-979354839
-978890801
-978811503
-977919273
-977751866
-977703317
-977520622
-977450117
-977433130
-977309748
-977109168
-977027273
-976777447
-976360378
-976352356
-976200981
-975777756
-975584758
-975569062
-975551022
-974598838
-974499961
-974386162
-974163187
-973977747
-973837117
-973779311
-973716952
-973590823
-972602248
-972561047
-971655077
-971540110
-970998959
-970950859
-970738414
-970604567
-970211590
-969809629
-969756733
-969475730
-969391200
-969128108
-969090191
-968840007
-968696195
-968220780
-968019457
-968017652
-967963676
-967673929
-967634672
-967504344
-967489184
-967266056
-967049068
-967002261
-966657351
-966449806
-966035380
-965969198
-965737733
-965377385
-965261605
-965192855
-965167972
-964585671
-964087262
-964060422
-963275209
-963044323
-962930691
-962619720
-962136927
-961635831
-961461980
-961358251
-961107039
-961084234
-960971481
-960745291
-960594901
-960459758
-960220390
-960133152
-960117129
-960054527
-959927806
-959763701
-959688132
-959475025
-959272257
-959002966
-958978741
-958722464
-958436242
-958426488
-958309264
-958184936
-958017696
-957958803
-957899540
-957613203
-957205394
-956898673
-956566795
-956128990
-956113563
-955917838
-955311267
-955290747
-954868398
-954600425
-954233280
-953986929
-953800012
-953704467
-953338331
-952984026
-952957018
-952034855
-951999755
-951429292
-951309997
-950842151
-950727844
-950599797
-950446633
-950381160
-949912578
-949821698
-948669523
-948605751
-948169253
-947891294
-947560113
-947474553
-946916829
-946906111
-946637378
-946498275
-946151180
-946143157
-945981207
-945870753
-945659375
-945399514
-945262798
-944427967
-944158414
-944055505
-943457575
-943385995
-943303500
-943174389
-943063557
-942887801
-942296453
-941932556
-941819383
-941368028
-941004795
-940968611
-940931176
-940922344
-940379785
-939994288
-939963284
-939695436
-939556998
-939502262
-939408790
-938989306
-938890864
-938431184
-937767352
-936809571
-936576516
-936263844
-935678812
-935179377
-935086192
-934820488
-934028426
-933713130
-933340080
-933284277
-932806138
-932718152
-932521415
-932500610
-932368734
-932343652
-932114230
-931927821
-931806806
-931413793
-931162442
-929946977
-929896035
-929028915
-928502028
-928469148
-928396067
-927703296
-927374619
-927319083
-927283804
-927134245
-927037588
-926995737
-926785422
-926709641
-926506863
-925070408
-924639347
-924405676
-924317235
-923831591
-923752187
-922989561
-922922941
-922750513
-922524651
-922271444
-922199906
-921995461
-921984945
-921722002
-921490965
-921364057
-921178965
-921055576
-920857953
-920481677
-920232223
-919959688
-919355552
-918886057
-918656558
-918109438
-918092778
-917822333
-917308895
-916940704
-916638215
-916521462
-916116788
-916101635
-916020155
-915958305
-915309212
-914774887
-914512138
-914433438
-914164227
-913888366
-913881942
-913204099
-913123549
-913068291
-913032394
-912435881
-912418414
-911685453
-911129882
-910831846
-910801493
-910613164
-910430872
-910205883
-910128267
-910106569
-909912902
-909599942
-909498537
-909165096
-908884585
-908870645
-908779682
-908678767
-908497298
-908283641
-908237888
-908231128
-907858245
-907566249
-907503635
-906940822
-906886745
-906748724
-906139568
-906045438
-905294904
-904916911
-904467650
-904387146
-903649522
-903623065
-903403854
-903190002
-903022925
-902628258
-902549447
-902541949
-902127398
-901711833
-900685418
-900674362
-900466271
-900023568
-899639453
-899371971
-899140268
-898991435
-898968096
-898930859
-898879476
-898836276
-898280708
-898141355
-897375948
-897204601
-896925430
-896854516
-896166031
-896106512
-896048981
-896024969
-895959333
-895948527
-895893501
-895849776
-895690729
-895527113
-895437753
-895353988
-895175761
-895095675
-895030759
-894903590
-894899341
-894860393
-893996895
-893197349
-893042385
-892785561
-892265648
-892151039
-892029128
-891921909
-891001603
-890959550
-890950346
-890284590
-889944051
-889859774
-889702889
-889400900
-888786877
-888161818
-887206233
-887162748
-887059360
-886872170
-886779695
-886642872
-886001337
-885347796
-885022973
-884983192
-884851476
-884811352
-884386996
-884277786
-884104991
-884031468
-883889935
-883632416
-883156347
-883150762
-883125107
-883008865
-882848868
-882847470
-882451791
-882387888
-882111118
-881701049
-881568491
-881315156
-881298561
-881050316
-881023178
-880832723
-880445163
-880411840
-880353522
-880177180
-879964553
-879834702
-879641660
-879141890
-879054106
-879041490
-878941974
-878835218
-877949712
-877904305
-877062669
-877011428
-876762445
-876533727
-875647215
-875559743
-875243343
-874957166
-874484943
-874032184
-873751713
-873557811
-873304690
-873147412
-872661195
-872445476
-872030460
-871921358
-871845308
-871501410
-871404215
-871300704
-870882597
-870761968
-870655129
-870339602
-870275425
-870236603
-870190663
-870189123
-869278717
-869075998
-869026435
-868893603
-868691956
-868583236
-868560461
-868532749
-868356596
-868257657
-867877141
-867831410
-867771184
-867615242
-867470347
-867091901
-866941015
-866859560
-866755782
-866709520
-866661957
-866225299
-866151674
-866045567
-865918624
-865752006
-865610438
-865531859
-865174386
-865116560
-864967686
-864880455
-864341903
-863877672
-863620627
-863459271
-863073398
-862731523
-862717947
-862699618
-862478602
-862469811
-862459880
-862307328
-862157739
-861912404
-861758822
-861543710
-861394382
-861225939
-861065197
-860778955
-860646433
-860565601
-860147073
-860119182
-859821205
-859733679
-859680349
-859329685
-858725797
-858463202
-858365166
-857761452
-857627584
-857407240
-857399800
-857352923
-857255388
-856849361
-856277716
-856182329
-855712578
-855688887
-855459492
-855105127
-854903710
-854273465
-853779168
-853665142
-853392640
-852825343
-852719283
-852705653
-852491681
-852126410
-851726167
-851516924
-851448917
-851431588
-851050499
-850776300
-850673095
-850068410
-849615234
-849558674
-849046235
-848751146
-848342402
-848165334
-847575115
-847176213
-846948287
-846612064
-845815193
-845801120
-845244291
-845071952
-845062912
-844940149
-844478831
-844347168
-844246419
-843632458
-843409442
-843088176
-842853304
-842496893
-842352958
-842014705
-842002531
-841569434
-841298973
-840787005
-840722905
-840585707
-840487555
-840291149
-840262570
-840222013
-840168899
-840032723
-839041222
-838993705
-838953507
-838774339
-838198564
-838186144
-837614778
-837427694
-837284804
-837162095
-836305803
-836077819
-836065412
-836021149
-835364356
-835141912
-834714982
-834495312
-834198562
-833991872
-833948015
-833890708
-833861370
-833794275
-833630919
-833476959
-833428671
-833218906
-832883237
-832635371
-832260975
-832138303
-831966494
-831935940
-831754250
-831294506
-831022212
-830545673
-830458373
-830154324
-830139715
-829091088
-827993088
-827856155
-827524905
-827492538
-827477899
-826987436
-826840280
-826654729
-826559645
-826485979
-826443029
-826414818
-826233054
-825797418
-824303348
-823181925
-823134331
-822423293
-822051323
-821977975
-821672909
-821546257
-820952215
-820804759
-820743661
-820693465
-820495652
-820468577
-820288583
-820017096
-818683211
-817868287
-817525114
-816957496
-816906344
-816498424
-816400652
-816073023
-815830190
-815641020
-815495448
-815454499
-814979169
-814474815
-814456019
-814451248
-814217573
-814118183
-813397803
-813368102
-813096758
-813056365
-812711107
-812509426
-812448923
-811921141
-811703134
-811670967
-811642336
-811437664
-811434469
-811275597
-811227593
-810787104
-810740694
-810327749
-809741251
-809622069
-809621450
-809430844
-809295680
-808567452
-808435542
-808395230
-808289694
-808246028
-808183159
-807662612
-807596035
-807583199
-807431217
-806923852
-806814031
-806741709
-806111388
-806012938
-805976131
-805569996
-805461061
-805352195
-805316425
-805135803
-804988629
-804810897
-804484263
-804324528
-804308011
-804249038
-803717703
-803065065
-802983469
-802433806
-802256179
-801576705
-801141830
-800549365
-800433452
-799964863
-799568366
-799243276
-798940979
-798805784
-798212906
-797618196
-797562502
-797259265
-796667903
-796359152
-796123727
-796082859
-795483696
-795324057
-795237000
-795205199
-795109623
-794782103
-793753929
-793599156
-792967059
-792543163
-792359613
-792019219
-792001446
-791769233
-791340020
-791096926
-790502537
-790472625
-790318389
-790027586
-789970730
-789848322
-789596992
-789517646
-789438149
-789037693
-788967062
-788862320
-788608847
-788398660
-788363730
-788359488
-787997487
-787838303
-787786129
-786960921
-786939245
-786749821
-786628551
-786393985
-786301985
-786286372
-785707445
-785313069
-784618115
-784278971
-784169737
-784051832
-783818279
-783200898
-782771604
-782618841
-781915133
-781886789
-781503094
-781305878
-781038072
-780470091
-779739599
-779398762
-779287055
-779217594
-778793231
-778634122
-778366204
-778105662
-778054130
-777610906
-777337237
-777148136
-776833528
-776797653
-776702754
-776598181
-776270231
-775876647
-775691437
-775526193
-775233558
-775121578
-774843994
-774331470
-774007171
-773926699
-773789626
-773444909
-773432706
-773420755
-773258248
-773163919
-772996400
-772811395
-772752765
-772432340
-771990447
-771933508
-771758481
-771658686
-771458927
-771279236
-771154798
-770922860
-770650547
-770450477
-770173869
-770148469
-770092072
-769921683
-769389679
-768982810
-768402049
-768264212
-768025571
-767965448
-767915248
-767688826
-767443717
-767042234
-766988606
-766872438
-766824052
-766444995
-766415238
-765673047
-765668349
-765654382
-765574913
-765509586
-765149063
-765030102
-764931574
-764880357
-764625531
-764475440
-764455933
-764391474
-764092505
-764086310
-764028562
-763877792
-763858874
-763495922
-763391347
-763262342
-762890320
-762881130
-762866189
-762853981
-762541591
-762307642
-762046057
-761842404
-761819229
-761762013
-761605028
-761356742
-761351509
-761190051
-761177180
-761107545
-760818114
-760787326
-760385686
-760172218
-760111644
-759743010
-759572870
-759484307
-759206481
-758987667
-758942257
-758852682
-758632742
-758594271
-757964146
-757527856
-757456476
-757426183
-757180612
-757113941
-757026706
-756890413
-756797724
-756733632
-756463425
-756343102
-756120038
-755337993
-755256197
-755224990
-754840883
-754647471
-754422473
-754286693
-754175518
-753655021
-753643453
-753324543
-753170905
-753075426
-752636117
-752564653
-752530344
-752469548
-752380927
-752354652
-752335127
-751841964
-751522654
-751485469
-751371638
-751333861
-750950909
-750841486
-750692583
-750641444
-750544089
-750375075
-750359769
-750318074
-750110979
-749989695
-747974527
-747186410
-747039048
-746831743
-746393967
-746141299
-746105885
-745166560
-744930767
-744824847
-744261637
-744163235
-743750800
-743444914
-743196692
-743149534
-742705304
-742637657
-742471569
-742447540
-742359763
-742164629
-742083817
-742051207
-741896249
-741847502
-741819661
-741450078
-741200980
-740835287
-740672016
-740536871
-740322662
-739889980
-739013601
-738862766
-738795109
-738669350
-738606892
-737735452
-737666110
-737566506
-737532436
-737488867
-736886704
-736137330
-736074899
-735104361
-734827116
-734054385
-733689820
-733272837
-732822025
-732707708
-732574635
-731821360
-731506869
-731501110
-731119659
-730880179
-730798008
-730426426
-730356996
-729747806
-729679741
-729094316
-727806068
-727702050
-727601529
-726877368
-726775832
-726729853
-726544233
-726478208
-726337390
-726186900
-726098878
-725798634
-725285805
-725168482
-725138671
-724878163
-724536492
-724189417
-723956866
-723776674
-723493374
-723285353
-723242592
-722971294
-722370970
-722271647
-722094734
-721820438
-721253140
-721145737
-721144774
-720810909
-720758967
-720183204
-719913263
-719374519
-719284995
-719112356
-719044372
-718836900
-718489443
-718444241
-718317139
-718201974
-717666059
-717662048
-716896428
-716881772
-716629115
-716575457
-716443344
-716376093
-715420991
-715399298
-715195447
-714790252
-714741821
-714716735
-714334434
-713860660
-713602371
-713274768
-713088129
-713078468
-711917747
-711678075
-711489667
-710351769
-710192226
-710147911
-710102670
-709936167
-709799561
-709775591
-709662029
-709600341
-708791650
-708790408
-708732160
-708037209
-707934208
-707822744
-707402052
-707225325
-707065487
-706810178
-706799669
-706742837
-706442657
-705946973
-705792713
-705588777
-705550528
-705516585
-705440946
-705273553
-705127576
-704912761
-704904512
-703926053
-703466533
-703451845
-703126359
-702242399
-702228780
-701953254
-701369674
-701232488
-701220954
-701185008
-700890816
-700813196
-700804681
-700779904
-700102433
-699527957
-699409308
-699185588
-699169332
-699035084
-698390527
-697484329
-696734544
-696723000
-696592237
-696270596
-696255531
-695878635
-695647432
-695466312
-694872086
-694637465
-694378653
-693769764
-693358214
-692834118
-692437008
-691908440
-691522576
-690906795
-690619989
-690602257
-689613765
-689154265
-689063473
-689051774
-688864162
-688771776
-688721487
-688720640
-688687528
-688321214
-688106495
-687820796
-687770695
-687541780
-687386633
-686434097
-686297747
-686286365
-685869220
-685604569
-685313569
-685271506
-685156600
-685061390
-685034619
-684727583
-684685120
-684014188
-683891525
-683571700
-683319031
-683165345
-682830520
-682702907
-682513584
-682023056
-681873865
-681853492
-681761118
-680542594
-679901057
-679795957
-679159484
-678809379
-678629763
-678570564
-678293721
-678078692
-677930236
-677772048
-677659239
-677587850
-677449896
-677446740
-677262718
-677195751
-676774166
-676684540
-676522240
-676310333
-676290779
-675593015
-675025809
-674545617
-674060959
-674009769
-673951023
-673904742
-673473877
-673355362
-673160825
-673097072
-673087072
-672865251
-672550198
-672506886
-672133886
-672128821
-672006992
-671959138
-671412090
-671403634
-671364069
-671118705
-671052270
-670764722
-670431069
-669523181
-668788030
-668588819
-668549413
-667633994
-667269596
-666941311
-666769218
-666605853
-666192512
-665613179
-665362298
-665200822
-664618257
-664401804
-664018958
-663849439
-663835569
-663696510
-662555664
-662375562
-662353925
-662185243
-661948017
-661485452
-661338690
-661330675
-661293672
-660862604
-660820457
-660732815
-660402701
-659995075
-659269944
-659205243
-658784679
-658661865
-658124992
-658092382
-657969571
-657907932
-657330883
-657021326
-656839412
-656573696
-656410477
-656164040
-655893250
-655725542
-655400994
-655391374
-653699389
-653623818
-652682627
-652354752
-652281412
-652262017
-651590850
-651524033
-651245281
-651245175
-651031334
-650884782
-650784747
-650518486
-649859650
-649743070
-649039973
-649019447
-648998981
-648954197
-648843440
-648667796
-648659114
-648603626
-648529259
-648383167
-648176699
-648015019
-647899461
-647573983
-647539605
-646899846
-646868338
-646820298
-646517931
-646405158
-646377929
-645817833
-645704709
-645520678
-645288131
-644807552
-644369599
-644222640
-643840180
-643576705
-643521043
-643389273
-643387593
-643287971
-643097108
-642834250
-642777157
-642729018
-642646028
-642589440
-642198948
-641498906
-641178854
-640570081
-640534335
-640482546
-640423580
-640399890
-640110254
-640100400
-639432168
-639135086
-639006363
-638983961
-638858852
-638608428
-638314788
-638191969
-638009579
-637866744
-637855266
-637755649
-637661754
-637492759
-637181866
-636657523
-636646670
-636121458
-636030571
-635800933
-635712080
-635640961
-635496905
-635161926
-635125740
-634225510
-634103567
-634009732
-633883254
-633424957
-633397374
-633089337
-632720023
-632375654
-632149012
-631929970
-631892797
-631301588
-630816164
-630727296
-630641092
-630365894
-630253883
-630014646
-629717405
-629027175
-628467294
-628312878
-628068859
-627889208
-627795388
-627610273
-626942359
-626297175
-626045656
-625944048
-625871889
-625726995
-625165521
-624957952
-624871533
-624669540
-624637567
-624581743
-623776842
-623479935
-623440747
-623108839
-622520524
-622400816
-622383187
-622163607
-622066433
-621809346
-621736778
-621303558
-621067259
-620728828
-620709051
-620460238
-620146863
-620139006
-619774049
-619503679
-619465895
-618949766
-618946123
-618385072
-618048880
-618034247
-617994709
-617744106
-617621168
-617265215
-616914998
-616302381
-616289501
-616110084
-616009966
-615868376
-615169330
-614980315
-614923010
-614377682
-614320698
-614313572
-613790203
-613604008
-613025113
-612503894
-612444634
-612180187
-611377487
-611350510
-610865614
-610695834
-610358351
-609857615
-609355946
-609239645
-609047404
-608916076
-608809666
-608688682
-608531777
-607521831
-607202260
-606616452
-606143190
-605989590
-605931853
-605896003
-605875262
-605390023
-605355431
-605236006
-605229605
-604360589
-604331038
-604213872
-604005018
-603931379
-603126699
-602822743
-602389127
-602206432
-602199522
-601677730
-601665681
-601366240
-601350214
-600787854
-600477290
-600373425
-600166915
-600133950
-599772133
-599409759
-599020233
-599002260
-598982214
-598920214
-597917468
-597625155
-597409337
-597153832
-597126882
-597122143
-596931070
-596657502
-596631820
-596551809
-596367339
-596147365
-596138423
-596105090
-595604853
-595174649
-594403917
-594186804
-593898512
-593897752
-593836974
-593770975
-593674878
-593418957
-593285304
-593204208
-592622639
-592043640
-591782753
-591726131
-591597022
-591506307
-591419912
-591019023
-590899601
-590362007
-589892534
-589521347
-588810359
-588572027
-588159324
-588027499
-587987549
-587967148
-587897779
-587699042
-587511579
-587304713
-587136083
-587093517
-586618292
-586354699
-585274977
-585211178
-584849139
-584453104
-584377022
-584063216
-583853183
-583136592
-583046566
-582789724
-582679110
-582436382
-582307357
-582251282
-582248781
-580650077
-580587058
-580552654
-580377744
-580237855
-580042606
-579673085
-579611208
-579549425
-579286990
-579014935
-578791384
-578774557
-578674573
-578101750
-577633370
-577574603
-577119251
-576966985
-576824721
-575966402
-574796422
-574750280
-574677052
-574599956
-574178123
-574150708
-573505148
-573501072
-573198560
-573127099
-572853268
-572823085
-572459338
-571848501
-571807233
-571336540
-571272662
-571238963
-571235414
-570816214
-570684370
-570671443
-570659576
-570450721
-570244050
-570189014
-570112843
-569612135
-569494415
-568957699
-568286463
-568129638
-568043587
-567412239
-566887308
-566666061
-566515579
-566320561
-565638659
-565634378
-565466644
-565448451
-565244285
-565151999
-565123382
-565114391
-564794093
-564711099
-564326009
-564235702
-564153030
-564124608
-563786903
-563700882
-563466153
-563445406
-563368755
-563217226
-562629129
-562319972
-562295711
-561933712
-561892828
-561802786
-561777455
-561162661
-560713106
-560513461
-560429408
-559544810
-559101917
-558673228
-558650045
-557911098
-557509148
-557277492
-557176331
-557084921
-556573166
-556402468
-555661374
-555497662
-555301167
-555273649
-555040785
-554977642
-554928684
-554918753
-554417179
-554141698
-554135486
-554035970
-553940021
-553817543
-553533653
-553501563
-553145884
-552692582
-552686218
-552283189
-552235810
-552147131
-551509391
-551488017
-551252274
-550138734
-550038701
-549915817
-549134212
-548981715
-548568313
-548393603
-548260998
-548085185
-547993174
-547474109
-547248694
-547048722
-546462856
-546255529
-545176511
-544724629
-544411194
-544390965
-544270608
-544074904
-543850970
-543600758
-543362866
-543229583
-542479853
-542458235
-542415146
-542153445
-542075808
-542019165
-541975774
-541804623
-541594882
-541452565
-541352886
-541330577
-541223355
-541099659
-540795030
-540684677
-540616186
-540385527
-540030974
-539927592
-539852336
-539805171
-539506759
-539437279
-539430644
-539368188
-538928366
-538377365
-538367520
-538145271
-538039930
-537972926
-537732385
-537509177
-537057111
-536861947
-536847953
-536728527
-536718972
-536606603
-536546908
-536015365
-535869692
-535848282
-535810816
-535697215
-535195613
-534665205
-534367014
-534194789
-534012080
-533987996
-533942398
-533937032
-533843284
-533656989
-533395036
-533360273
-533222923
-532954184
-532636005
-532340585
-531459020
-531379134
-531057825
-530915656
-530455319
-530431474
-530215215
-529945078
-529748789
-529636793
-529278377
-529199293
-528976838
-528731142
-528642276
-527735914
-527519070
-527420007
-527373088
-527111351
-526612199
-526580648
-526556130
-526138610
-525952437
-525764835
-525764682
-525592213
-525516047
-525447017
-525282236
-525210962
-525061862
-525051808
-524889021
-524879901
-524871653
-524558797
-524381207
-524124593
-524010065
-523883984
-523882778
-523880418
-523729188
-522857110
-522787792
-522686202
-522546782
-522272856
-521948142
-521629429
-521426095
-521409015
-520940846
-520340272
-519807253
-519527207
-519376904
-519234007
-518964929
-518822481
-518130449
-517767745
-517292280
-516712467
-516705911
-516033054
-515471299
-515327374
-515283971
-514689675
-514419500
-514287938
-514187423
-514145917
-514097399
-513751804
-513331773
-513049654
-512946947
-512715477
-512648034
-512402230
-512216991
-512199259
-512156359
-512130162
-512066057
-512036095
-511662047
-511568584
-511351339
-511269859
-510189999
-510038328
-510034486
-509914602
-509375786
-509016480
-508921190
-508609485
-508587390
-508393579
-507852643
-507811240
-507589281
-506866485
-506679467
-506423317
-506190146
-506160564
-505912638
-505492795
-505393397
-505387762
-505307584
-505060056
-504897624
-504734565
-504498952
-504489355
-504301957
-504070623
-503973745
-503731605
-503708200
-503640123
-503549067
-503238143
-503068268
-502598500
-502548863
-501342484
-501274798
-501078929
-500670700
-500532016
-500419368
-500171536
-500069477
-499869288
-499854254
-499607575
-499528421
-499247254
-499209000
-499145815
-498988570
-498528098
-498464679
-498439287
-498378314
-497982251
-497500357
-497206148
-497173336
-497119733
-496761702
-496745792
-496601220
-496464451
-496366774
-496351499
-496059904
-496032315
-495909126
-495507987
-495473288
-494579905
-494573731
-494451642
-494399011
-494048890
-493865669
-493339705
-493180189
-493007949
-492919657
-492712298
-491962942
-491877682
-491745243
-491515910
-491209577
-490853350
-490780529
-490494755
-490444369
-490374588
-489676426
-489445604
-489217874
-487974237
-487511167
-487384691
-487173439
-487140671
-487056643
-486775485
-486644230
-486204929
-486177800
-486053419
-485871989
-485793315
-485103697
-484963234
-484737936
-484566203
-483899923
-483879790
-483847927
-483710790
-483379341
-483063513
-482801853
-482620781
-482558942
-482180604
-482025750
-481182682
-481118332
-481031355
-480138961
-480133876
-479827294
-479773210
-479510030
-479324060
-478769189
-478525277
-478236460
-477113138
-477091040
-476991945
-476952461
-476569649
-476450297
-476357021
-476327262
-476198056
-475732517
-475709389
-475703701
-475643378
-475322554
-475276605
-475116197
-474936079
-474806393
-474750663
-474643244
-474586071
-474070925
-474059784
-473961878
-473837611
-473826121
-473229006
-473121548
-473035569
-473010045
-472850966
-472293737
-472274475
-472229768
-472089268
-471901196
-471627917
-471126295
-470990374
-470656875
-470637734
-469990897
-469482818
-469458108
-469310765
-469301348
-469106686
-468322318
-468167252
-468038198
-467577430
-467468991
-467149142
-466923707
-466816824
-466728552
-466424568
-466388578
-466304935
-465964131
-465610568
-464810428
-464755419
-464593559
-464377564
-463993120
-463950746
-463721826
-463636389
-463504819
-463436471
-463058509
-462937166
-462884126
-462791266
-462615141
-462538408
-462500425
-462418401
-462410438
-462087529
-462078439
-462065315
-461506036
-461309912
-460957955
-460830408
-460824180
-460338986
-460301675
-458036101
-457995913
-457696974
-457567479
-457560866
-457353210
-456953059
-456385900
-456313101
-456052003
-455923806
-455856932
-455784378
-455746660
-455282425
-454902355
-454646485
-454643138
-454231720
-453959118
-453729858
-453502571
-453494625
-452842622
-451954149
-451861824
-451856523
-451735693
-451545726
-451507442
-451103938
-450873347
-449730427
-449430538
-449306306
-448991747
-448730301
-448506513
-448318266
-448293360
-447613594
-447075134
-447047119
-446702746
-446378334
-446332773
-446329112
-446192676
-445897950
-445784014
-445067858
-444524482
-444320257
-444191690
-443748903
-443678731
-443625545
-443577466
-443497526
-443355444
-443091097
-442986870
-442950737
-442929515
-442901748
-442795815
-442501225
-442056611
-441943565
-441746925
-441743875
-441685536
-441465346
-441399249
-441315074
-440201062
-439988542
-439228303
-438729434
-438492530
-438058281
-437850761
-437809664
-437475114
-437372278
-437294161
-436758639
-436642468
-436631659
-436194891
-436097136
-435744996
-435572004
-435243005
-435157614
-435109897
-434990177
-434741716
-434675075
-434591858
-434397815
-434395019
-434332153
-434234475
-434178581
-434046591
-433953180
-433838692
-433772190
-433708829
-433685524
-433473731
-433473581
-433413654
-433408537
-432795917
-432348490
-432236371
-432223421
-432132099
-432076497
-431986023
-431903029
-431725823
-431419442
-431051731
-431051641
-431050668
-430685788
-430539366
-430406533
-429963972
-429941297
-429728727
-429616684
-429543230
-429500815
-428990087
-428135889
-427989630
-427819540
-427269312
-427246009
-426545697
-426038015
-426009032
-425810628
-425689244
-425600394
-425598075
-425544595
-425267624
-425254845
-424792582
-424703553
-424629686
-424524923
-424217560
-424181839
-423861148
-423826957
-423754079
-422804785
-422490997
-422486476
-422470422
-422266180
-421116923
-421098047
-420632859
-420281322
-420237807
-420195378
-420171913
-419807676
-419699534
-419635360
-419518387
-419471473
-419287558
-419284424
-419074458
-418965663
-418782117
-418743997
-418360553
-417874571
-416524000
-416416050
-414327752
-414179814
-414002445
-413735706
-413707692
-413324464
-413277397
-413063757
-412800768
-412695055
-412485504
-411873838
-411766981
-411526294
-410298472
-409873345
-409850767
-409093727
-409065551
-408697521
-408556910
-407754272
-407751793
-407735438
-407531716
-407465898
-407434345
-407399578
-407038478
-406963711
-406835795
-406688475
-406649451
-406471484
-406443747
-406353259
-406296928
-406281561
-406271368
-406258457
-406196723
-406037270
-406034295
-405807714
-405648836
-405625437
-405287710
-404969843
-404030772
-403965064
-403514513
-402896856
-402794483
-402731858
-402668355
-402494935
-401881427
-401872411
-401477580
-401472619
-401249913
-400961607
-400198811
-399570917
-399224208
-399161475
-398675870
-398592017
-397939840
-397473247
-397435859
-397340030
-397193570
-397102367
-396838343
-396781196
-396343246
-396094593
-395237065
-395236866
-394651482
-394438672
-394297726
-394218148
-393994206
-393975990
-393647049
-393490969
-393197988
-393030600
-392652390
-392645239
-391464568
-391174145
-390543165
-390324657
-389941884
-389363127
-389220912
-388745150
-388578190
-388504892
-388212503
-388067207
-387727987
-387715881
-387682226
-387620536
-387504805
-386928145
-386882968
-386185875
-385975873
-385506151
-385044579
-385026671
-385008522
-384947060
-384937469
-384411552
-384298671
-384280508
-384274078
-384192475
-383359778
-383344970
-382016717
-381905652
-381870974
-381855003
-381405203
-381321013
-380657624
-380649648
-380344921
-379988491
-379972528
-379810051
-379763312
-379730800
-379339699
-379270180
-378694647
-378614778
-378503587
-378485265
-378009623
-377634781
-376914437
-376801199
-376492416
-376438371
-376344015
-376280605
-376237359
-375952758
-375947338
-375648425
-374901953
-374811423
-373992797
-373554942
-373369548
-373250067
-372961684
-372412846
-371826996
-371779691
-371749982
-371681088
-371569712
-371530284
-371528935
-370247715
-369680465
-369209171
-369192411
-368458031
-368204797
-367899086
-367882595
-367804352
-367610236
-366819679
-366707309
-366456560
-365979412
-365885668
-365846189
-365841560
-365695306
-365505116
-365503843
-365492198
-364740118
-363820327
-362940848
-362751757
-362404878
-362165570
-361564038
-361514631
-361179891
-360817939
-360471044
-360456218
-359614177
-359357125
-358746592
-358602859
-358302571
-357668510
-357461519
-356911273
-356726006
-356629844
-356573412
-356348673
-356160297
-355127008
-354176728
-353931739
-353778086
-353440733
-352764798
-352680274
-352411196
-351993649
-351969075
-351779948
-351694552
-351682667
-351215648
-351004708
-350877449
-350746732
-350733679
-350450207
-349823701
-349615659
-349329296
-349216272
-349055005
-348373967
-348069458
-347922523
-347542686
-347528072
-347301545
-346866795
-346845783
-346648735
-346501117
-346432706
-345955918
-345634451
-345535793
-345190893
-345041897
-344227045
-343779404
-343578689
-343300795
-343269042
-343210476
-343131497
-342542959
-342215737
-342191010
-341792299
-341508046
-341483001
-341479351
-341131695
-340901462
-340450903
-340190247
-340098828
-339764041
-339382388
-339333526
-339216159
-339200172
-339150419
-338860239
-338830263
-338529202
-338270166
-338125305
-337787243
-337553403
-337157719
-337060341
-336842569
-336756877
-336697754
-336424388
-335995455
-335985305
-335809656
-335692651
-335535899
-335432217
-335328544
-334979621
-334169651
-334047718
-333856723
-333459512
-333349727
-332338438
-331145974
-331106004
-330783763
-330725538
-330606333
-330572700
-330089659
-329798694
-329618492
-329546120
-329475507
-329389206
-329068858
-329051021
-328952168
-328607317
-328361791
-327223026
-326662067
-326572341
-326140922
-326031644
-325532328
-325383225
-325233869
-325114727
-325033680
-324999982
-324983996
-324859646
-324448792
-324421575
-324370411
-323845270
-323843204
-323759037
-322852542
-322478546
-322178594
-322133682
-321923899
-321807158
-321776338
-321616227
-321205370
-321168151
-320740138
-320083152
-319795280
-319770502
-319514915
-318878157
-318765295
-317907053
-317576263
-317573952
-317336396
-316930869
-316792153
-316504605
-316085838
-315973689
-315881946
-315694739
-315226643
-314389068
-314388826
-314384185
-314106078
-314063285
-313912384
-313400296
-313336789
-313318377
-313185826
-312817092
-312751332
-312747120
-312071372
-312004421
-311884114
-311839733
-311671658
-311616060
-311545887
-311039606
-310683778
-310358433
-310243867
-309101061
-308817065
-308075277
-307894937
-307643946
-307549307
-307458397
-307372847
-307077002
-306794200
-305767157
-305732945
-305564922
-305367261
-305322491
-305229123
-304911476
-304786513
-304565771
-304412141
-304014370
-303467314
-303178318
-303132012
-302904558
-302813591
-302488760
-302187742
-302065320
-302000192
-301574459
-301567114
-301477985
-301445243
-301115822
-300845651
-300821464
-299992714
-299929168
-299647111
-298951836
-298889702
-298852892
-298660171
-298657338
-298454263
-298405794
-298099739
-297871098
-297546078
-297421346
-297115706
-296806620
-296205706
-295865542
-295818352
-295390601
-295123439
-294845084
-294085333
-294042624
-294018200
-293753122
-293666176
-293445878
-293379409
-293127589
-292949110
-292717813
-292355217
-292349786
-292223382
-291606563
-291222630
-289880022
-289770080
-289550049
-289364484
-289220817
-288886595
-288504346
-287986247
-287803932
-287715801
-287492688
-286961110
-286477904
-286206670
-286117269
-286061552
-285600067
-285365089
-285350446
-285325760
-285181786
-284140240
-284023195
-283688881
-283635937
-283170466
-282591498
-282590911
-282478214
-282361816
-282301634
-282237883
-282233992
-281688389
-280698740
-280103628
-279659944
-279643496
-279206424
-278711527
-278236172
-277729212
-277589054
-277494649
-277347843
-277197498
-277180588
-277074269
-276840056
-276215484
-276050643
-275922951
-275872230
-275688673
-275282547
-275274726
-275012454
-274883160
-274717388
-274429036
-274337086
-274227348
-273936248
-273667725
-273570455
-273563996
-273147794
-272493776
-272476971
-272058757
-271721599
-271663407
-271237553
-271157867
-271113174
-271103440
-271080377
-271060857
-270707303
-270522350
-270359442
-269916261
-269750444
-269675851
-269467295
-269429619
-269352587
-269133186
-268803278
-268537591
-268502719
-268297331
-267931075
-267910895
-267479401
-267368151
-267220128
-267203334
-266879064
-265965782
-265897227
-265763469
-265745853
-265208820
-264531628
-263544557
-263502348
-262896922
-262270860
-262122682
-261177835
-260914976
-260725889
-260623951
-260488998
-260193119
-259828601
-259298406
-259177285
-258640602
-257897099
-257729228
-257338265
-257224557
-256812311
-256752161
-256625649
-256240044
-256116048
-255732150
-255642758
-255485807
-255384835
-254196707
-254092922
-253784584
-253537404
-253169126
-252647339
-252367012
-251829250
-251731679
-251715311
-251345807
-251254820
-250886283
-250754474
-250684047
-250620682
-250540448
-249857619
-249430431
-249312815
-249148611
-249097533
-249026613
-247990699
-247799137
-247641352
-247062812
-247049890
-246797886
-246700894
-246415832
-246242307
-246206811
-245981370
-245547002
-245336919
-245164482
-245122327
-245104196
-244812972
-244719249
-244644232
-243530547
-243487934
-243337619
-243090495
-243003359
-242930578
-242569984
-242311132
-241286317
-240738113
-240567790
-240342094
-240122916
-238542465
-238381455
-237999438
-237969070
-237907996
-237825213
-237436117
-236563754
-235813829
-235695157
-235473951
-234920867
-234777266
-234648193
-234534417
-234395621
-234079842
-233807712
-233533970
-233388095
-233102025
-232786735
-231987462
-230446184
-230067438
-229844082
-229544250
-229482828
-229430860
-229156501
-228786261
-228714437
-228612434
-228526779
-228344361
-228341149
-227870650
-227654159
-226893725
-226888867
-226758980
-226347352
-226122797
-226064918
-225804297
-225342269
-225079824
-224412760
-224313854
-223721450
-223237870
-223167492
-222151562
-221808150
-221504233
-221455995
-221035432
-220290537
-220049652
-219877714
-219663774
-219560011
-219518140
-219323450
-219029738
-218289287
-218115099
-218070544
-217944838
-217589157
-217404943
-217284763
-217124985
-217025233
-217020413
-216483589
-215806434
-215765598
-215745312
-215190717
-215051711
-214772882
-214699952
-214563365
-214161407
-213965679
-213855270
-213816084
-213620966
-213536102
-213472735
-213420661
-213107260
-213097159
-212916833
-212662757
-212552430
-212331748
-211455448
-211017037
-210541284
-210351881
-210301134
-210226505
-210151349
-209909537
-209642621
-209028842
-208891057
-208285493
-208147578
-208002012
-207971590
-207331550
-206924590
-206747863
-206699545
-206057246
-206030032
-205844294
-205546310
-204891645
-204822634
-204298102
-204233381
-203873391
-203348855
-203065968
-202750366
-202676050
-202613155
-202607145
-202460873
-202426268
-202165777
-202154654
-201799892
-201703855
-201572904
-200760227
-200644983
-200528881
-200443812
-200406367
-200343338
-199854327
-199134873
-198927352
-198832862
-198506581
-198499369
-198343904
-197239975
-197169206
-197141362
-196646398
-196087208
-195600392
-195462605
-195461318
-194688495
-194452789
-194354612
-193695802
-193689348
-193664111
-193602614
-193453679
-192768842
-192697253
-192572190
-192477357
-192057084
-191999954
-191933401
-191874488
-191751334
-191574142
-191540019
-191349993
-191183825
-191068616
-190947423
-190782838
-190645694
-190593900
-190021648
-189791163
-189520569
-189399716
-189079467
-188864206
-188848671
-188653982
-188391857
-188165122
-188140273
-187737143
-187424339
-187330118
-187136047
-186767309
-186439266
-186419554
-185749593
-185417814
-185387910
-185339043
-185216348
-185027916
-184972826
-184838842
-184664293
-184445583
-184238126
-183840921
-183625260
-183595917
-183359405
-183342939
-181729422
-181728613
-181423808
-180988579
-180775863
-180717027
-180620154
-180418580
-180325715
-180223055
-180057378
-179855180
-179376269
-179162090
-178970441
-178828465
-178758789
-178624216
-178493602
-178353494
-177546832
-177514768
-177260931
-177164275
-176377666
-176021455
-175701181
-175089396
-174887217
-174259564
-174163304
-174148289
-173844163
-173716412
-173228965
-173004617
-172901583
-172570559
-172535776
-171800920
-171743051
-171682901
-171602528
-171336421
-171326489
-170852170
-170739033
-170306554
-170265719
-170154618
-170038078
-169911515
-169302343
-169206862
-169127583
-168854083
-168748343
-168424973
-167970178
-167445412
-166387677
-166298044
-166191745
-165507709
-165474697
-165470536
-165451749
-165219077
-164410392
-164289461
-164214972
-164092271
-163698400
-163422634
-162962597
-162493080
-162476029
-162114680
-161650319
-161413444
-161397159
-161394919
-160701725
-160601815
-159769706
-159730667
-159443147
-159427433
-159356736
-159193288
-158972712
-158895718
-158833757
-158737760
-158635547
-158529247
-158488455
-157963947
-157939067
-157931893
-157616145
-157428610
-157283571
-156943542
-156941190
-156843371
-156361813
-155829310
-155480549
-155337330
-155191923
-154889789
-154697077
-153303823
-153034935
-152638234
-152576178
-152208070
-151863059
-151697222
-151359715
-150914215
-150128219
-149871488
-149712690
-149691261
-149637045
-149413807
-149232643
-148957349
-148571668
-148553795
-148334822
-147996162
-147779993
-147622613
-147598142
-147435475
-147119247
-147107731
-147000352
-146710907
-146608272
-146318004
-145889761
-145877829
-145819517
-145090609
-145076637
-144931214
-143860865
-143748791
-143653841
-143433181
-142687558
-142641174
-142634456
-142402983
-142253850
-142012295
-141706097
-141576820
-141409471
-141059623
-140957172
-140815586
-140748262
-140481372
-140202156
-139967609
-139748483
-139470254
-139173048
-139045541
-139036470
-139029612
-138993659
-138951095
-138649116
-138607037
-138581936
-138573133
-138469080
-138044039
-137847993
-137748845
-137741662
-137701909
-137385634
-137192199
-137183603
-136527959
-136387890
-136194933
-136002372
-135867817
-135844393
-135688827
-135586030
-135573992
-135397483
-135233247
-134481463
-133956169
-133905292
-132799531
-132539976
-132052753
-131443404
-131391341
-131239901
-131227353
-131085241
-130728389
-130384675
-130267117
-129892275
-129258321
-129250462
-129029804
-128671944
-127822150
-127818074
-127767744
-127706717
-127522032
-127298343
-127245986
-126477807
-126272658
-126004908
-125702691
-125628568
-124394222
-124368621
-124185169
-124127263
-123824664
-123569978
-123516581
-123072877
-122973115
-122926055
-122913202
-122466770
-122426765
-121804207
-121645898
-121571404
-121534597
-120841729
-120546469
-120012420
-119630144
-119501008
-119474321
-119384154
-119142574
-118854149
-118152474
-117973358
-116882255
-116765722
-115971759
-115863470
-115556481
-115435014
-115371396
-114725228
-114625489
-114454513
-114265672
-114016961
-113396591
-113211847
-112931657
-112729220
-112597389
-112347460
-111915726
-111441176
-111318551
-111195853
-111190995
-111013737
-110881545
-110592816
-110249366
-110091973
-109444539
-109275874
-109095572
-109083262
-108480794
-108467120
-108419317
-108258962
-107934877
-107533887
-107533821
-107506348
-106988361
-106720635
-106466158
-106277328
-105414266
-105058084
-104889255
-104507949
-104419294
-103015484
-102681756
-102331117
-102269606
-102057231
-101748903
-101677718
-101535443
-101515705
-101485559
-100749051
-100483500
-100151415
-99977595
-99934265
-99329147
-99294032
-98970018
-98922175
-98856835
-98595688
-98207293
-98093841
-98070885
-97892471
-97615960
-97536396
-97495908
-97364253
-97181793
-96866333
-96378845
-95988445
-95719029
-95496869
-94320699
-94250294
-94154470
-94041882
-93930029
-93679545
-93634532
-93391509
-93383834
-93223326
-93204182
-93200480
-93084084
-93060375
-92940379
-92778394
-92021377
-90539671
-89887939
-89845301
-89380379
-89341961
-89276287
-89177550
-88849535
-88577000
-88505742
-88492029
-88467714
-88245893
-88170770
-88125334
-88049925
-87534502
-87022510
-86977948
-86910687
-86594866
-86544889
-86494931
-86280004
-86064559
-85766909
-85676054
-85565855
-85293079
-85146963
-85106937
-84900818
-84745735
-84619922
-84063339
-83658538
-83611040
-83490761
-82999029
-82859453
-82731541
-82724959
-82489085
-82452331
-82405684
-82393476
-82389347
-82247626
-81510787
-81473443
-80790145
-80739589
-80661081
-80651699
-79932751
-79837250
-79388464
-79033558
-79019415
-78604997
-78404440
-78344374
-78295671
-77757492
-77469915
-76926467
-76718756
-76450852
-76415093
-75752327
-75725774
-75639441
-75068548
-74938846
-74607001
-74022889
-73511767
-73459285
-73365178
-73188831
-73089033
-73003946
-72453487
-72155890
-71922130
-71714544
-71409721
-71123701
-70996240
-70987181
-70969694
-70923339
-70475097
-70466315
-69888321
-69397137
-69375431
-69145008
-68457115
-68175424
-68029646
-67115803
-66815749
-66692031
-66648503
-66426632
-66317680
-66184458
-65919040
-65856255
-65723861
-65666545
-64889054
-64872817
-64685227
-64504786
-64193242
-63888514
-63775001
-63718357
-63398820
-63160636
-62735357
-62310284
-62179667
-62158533
-61854313
-61295424
-61102287
-60826593
-60451574
-60145151
-60126898
-60017610
-59961913
-59950721
-59227309
-59087721
-59016133
-58988078
-58923180
-58681962
-58550465
-58548717
-58501490
-58285200
-58204813
-57740109
-57527997
-56666417
-56471045
-56297873
-56013070
-55977273
-55603833
-55575562
-55513270
-55319278
-55260358
-54828651
-54547678
-53665278
-53252119
-53245769
-52151530
-52031037
-51925759
-51919556
-51837831
-51385652
-50981924
-50737680
-50620548
-50559667
-50259412
-50254151
-50082153
-50053980
-49701077
-49698844
-49342655
-49229907
-49135180
-48874749
-48790574
-48609539
-48378508
-48275059
-48158310
-48058156
-47959448
-47533056
-46787937
-46687477
-46627950
-46462620
-46339970
-46272590
-46247411
-46075508
-45469625
-45165423
-45148310
-45110490
-44969787
-44727901
-44621198
-44343775
-44098293
-43826231
-43749964
-43492680
-43396573
-43282853
-42871470
-42482640
-42461736
-42395157
-42318077
-42264021
-41548715
-41522390
-41264642
-41010515
-40846107
-40792027
-40444569
-40442711
-39875782
-39636311
-39416815
-39330023
-39034079
-39029217
-38447393
-38002970
-37925172
-37892771
-37891610
-37759597
-37705948
-37269209
-37189644
-37114561
-36921717
-35928505
-35923405
-35482479
-35366696
-34263546
-34161667
-33994964
-33853284
-33581217
-33210785
-33202873
-32919054
-32905784
-32854060
-32674770
-32567497
-32506013
-31878679
-31041402
-30858638
-30705982
-30686452
-30297919
-29952602
-29770488
-28839780
-28824604
-28340380
-28169723
-27930078
-27840689
-27070703
-26790302
-26597222
-25979072
-25815757
-25701299
-25675934
-25385826
-25190172
-25178465
-24752176
-24731327
-24421256
-24152823
-23443271
-23307223
-22818410
-22782233
-22632290
-22445557
-22428733
-22366211
-22118362
-21984645
-21921582
-21559223
-21497609
-20885833
-20681606
-20475982
-20202097
-20084059
-19651165
-19481427
-19083031
-18913356
-17906684
-17653894
-17647987
-17084748
-16828582
-16793854
-16747700
-16418902
-16411423
-16170245
-15137677
-14853101
-14827751
-14521710
-14484289
-14452178
-14410783
-13987129
-13932068
-13758407
-13438096
-13287601
-13014043
-12964951
-12889295
-12845153
-12690717
-12302618
-12266707
-12250658
-11900912
-11888496
-11633884
-11579912
-11531403
-11339684
-11259452
-11239650
-10713817
-10564129
-10468310
-10415991
-10211384
-10196269
-10159520
-9866858
-9438061
-9250243
-9060650
-9007738
-8750869
-8074190
-7851565
-7649950
-7377003
-7082406
-6810038
-6753450
-6603532
-6530374
-6420667
-5529511
-5470217
-4801173
-4793364
-4735878
-4436865
-4304361
-3929310
-3799912
-2829048
-2800453
-2421110
-2352300
-2251475
-2031022
-1682463
-1624934
-1499919
-1224368
-1109843
-760868
-479640
-431075
464424
675314
1514610
1663552
2129269
2171041
2234004
2325125
3296442
4176682
4541954
4626280
4726222
4748206
5079088
5202435
5222539
5280533
5662703
5790947
6000242
6101731
6356634
7011172
7143264
7298553
7696936
7856810
8111779
8144644
8469903
8476510
8934375
9239945
9506299
9993405
10143052
10263696
10734033
11059294
11468008
12114762
12358801
12465958
12506526
12845068
13086749
13551565
13716965
13845592
14102281
14229518
14536873
14846165
15279466
15316387
15323555
15411135
15591583
15696718
15719695
16464144
17317841
17426741
17615514
17951629
18066833
18247177
18328690
18377487
18782008
18793224
18957751
19103394
19433458
20168982
20182053
21040222
21440189
21645440
21783705
22038712
22112995
22130777
22728311
22754862
22778885
22829941
22944132
23241761
23257367
23839678
24539824
24799418
24936295
24986495
25344114
25387438
25398655
25415359
25648619
25692642
25875263
25902698
26311954
26685376
27035572
27769359
28120430
28243230
28460279
28540022
28593011
28745558
29656859
30116723
30478135
30755889
31163849
31164807
31430018
31916937
32052701
32424651
32885880
32887641
33381299
33960670
34331115
34474858
34619182
34835888
34917429
34921825
34947496
35981039
36077856
36482955
36812071
36970553
37056118
37289621
37363901
38281490
38343686
38513224
38852006
39294062
39393026
39501725
39631543
39762948
39897426
39964470
40816172
42023436
42431533
42731897
42922614
43156620
43670306
43905126
44352530
44522032
44805327
45008246
45309473
45589530
45629639
45814827
46493781
46752015
46844467
47331845
47539920
47820451
48035748
48297441
48777070
48860797
48950910
49112503
49236875
49405857
49890281
49925710
50321987
50493673
50635711
51295379
51439456
51756019
51900173
52139707
52180101
52280498
52514751
52883184
52917257
53324635
53790038
53930925
54102877
54404579
55115206
55745932
55911459
56190331
56265723
56500756
56545164
56614274
57073216
57165198
57285818
57411451
57799013
57959839
58427714
58527189
58575440
58938268
59197750
59550239
60004611
60167351
60170020
60177155
60236772
60678192
60852720
61151152
61362166
61540519
61603147
61654164
61793056
62030014
62072339
62472311
62823131
62924689
63224737
63465012
63828069
63930916
63974760
64943584
65083993
65125968
65406750
65502180
66164599
66470210
66595102
66608621
66921134
67008786
67106807
67644649
67672957
67893926
68227674
69294526
69498939
69672870
69689938
69915505
70112650
70346135
70405955
70695166
70720225
70752181
70908855
71209036
71278041
71296858
71413781
71448728
71549301
71565372
71817520
72099952
72958397
73187633
73222983
73457477
73752723
73799997
74164025
74701147
75187585
75286930
75764205
76122159
76788899
77474932
77515772
77899214
77933018
78254527
78315371
78374627
78479015
78696698
78828109
78830810
79185131
79227631
79461281
79801076
79908353
80314570
81100979
81662523
82472034
82609830
82831130
82857982
83463621
83858523
84102697
84561420
84805075
85864065
87309013
87666698
87736805
88424993
88886811
89234297
89806459
90103198
90795699
91036353
91759678
91820778
91983880
91986093
92082389
92206125
93139219
93654844
94776217
94858658
94913722
94998168
95124881
95234975
95372536
95622316
96127609
96312548
96351190
96729330
97216194
97445767
97514811
97626976
97668260
97750399
98096350
98856742
99204735
99461893
99553831
99955875
100007851
100362068
100709421
100749356
100887568
101067564
101077756
101091076
101105903
101155244
101161811
102052678
102244179
102542945
102583999
102701564
103303113
103329369
103540729
103858403
103959616
103991162
103991450
104130729
104182407
104512316
104614925
104676581
104764180
105023028
105543737
105660098
105695043
105875534
106187711
106315858
106439461
107089426
107590685
107762921
107940669
108094316
108530933
109399463
109475948
109511151
110029989
110345097
110483369
112376045
112431714
112722274
112744461
112769096
112859711
113215688
113311008
113350605
113860866
114208086
114700889
114837829
115178001
115244149
115652537
115726239
115822857
116243128
116294180
116494373
117267988
117686680
119200656
119231704
119441617
119529967
119943825
120570749
120690046
120878093
121525163
122103306
122114537
122225127
122263492
122406746
122635577
123004734
123077802
123176283
123181133
123310048
123491984
123571297
123591740
123603331
123655845
123727928
123778062
123860548
124137159
124205710
124285813
124298146
124443880
125222990
125420267
125440742
125670560
125686288
126027939
126028163
126056993
126084433
126088669
126258798
126408151
126867579
126892248
127273448
127597681
127907860
128258983
128398516
128457860
128462155
128604410
128909892
129032821
129295275
129506094
129699054
129992930
130512901
130692130
130994337
131109898
131505955
131659260
131893868
131965333
131981224
132036585
133173473
133658687
133908766
134060380
134220568
134229961
134722490
134931559
135395378
135636835
135769962
136377577
136560718
136637717
136772253
137009281
137037662
137681048
138257461
138407109
138884939
139681600
140002654
140848635
140935869
140966911
140976023
140979219
141069772
141180256
141378550
141466809
141552751
141632632
141647216
141784854
142462276
142894500
143269191
143313595
143474455
143897953
144191684
144306788
144539920
144640113
144676261
145086667
145245313
145297218
145622763
145767554
146218875
146369551
146577390
146940572
147268183
147294447
147324782
147460310
147865187
148194800
148224399
148274445
149452215
150013607
150045295
150084976
150768836
150803160
150944415
151118946
151212066
151251816
151268753
151340920
151567692
151614533
151659907
151676077
151924985
152388997
152530163
152601935
152636125
153446039
153449189
153659651
153795757
153922211
154179923
154301739
154427759
154682923
155063617
155222107
155371303
155749989
155942092
156178958
156337480
156509902
156751312
156902114
157161531
157277339
157354333
157448755
157635218
157795602
157978277
158025923
158134193
158231731
158654288
158846893
159244914
160007010
160538907
160653590
160719920
161217205
161472776
161482507
161730593
161742367
162100933
162195332
162394731
162457853
162832094
163009044
163307425
163333540
163356577
163739993
163878601
164316024
164542534
164619423
164623036
164761227
164829210
164836398
164978690
165086235
165624908
165681184
166053536
166061718
166146044
166324632
166330192
166707299
166738084
166830982
166840335
167061828
167256659
167385785
167410308
167800843
167847321
168047662
168345989
168431237
168445493
168759225
168828450
168979482
169572413
169901336
170565099
170578624
170870718
171217430
171601026
171653199
171923815
172163011
172455747
172558122
172867756
173422324
173479388
173608885
173842583
173914346
173940910
174208196
174270771
174548009
174997503
175013636
175047521
175143638
175312081
175377290
176258597
176695283
177136628
177176512
177299371
177809385
177835389
178034744
178081352
178329274
178694105
178976347
178989740
179330407
179910506
179976058
180793033
180994886
181622994
181675554
181913653
181949322
182001757
182034458
182211224
182778663
183585238
183745466
184036322
184213275
184664985
185103665
185175064
185283206
185562798
185833095
186072048
186193817
186261672
186290887
186396713
186439514
187288672
187360871
187664852
187696721
187783191
187957277
188577869
189038710
189488793
189766111
189993727
190366720
190515493
190547726
190586215
190801659
191004222
191017752
191104274
191175637
191343906
191888897
192071132
192358608
192725630
192951087
193120808
193201683
193242568
193267090
194050831
194379097
194770120
194820170
194865323
195072462
195225251
195349527
196358801
196851699
196905257
196949981
197450556
197592410
197715919
198448122
198457347
198478493
198528432
198791351
199178353
202175451
202877273
203140788
203663426
203917374
203937956
204469096
204851951
205087740
205245681
205258779
205364386
205500379
205681754
206618799
206847302
206954678
207033121
207103503
207120489
207436509
207530256
208484590
208527649
208704428
208791756
208973271
209447468
209845465
210186008
210369942
211284127
211399367
211884587
212311363
212498812
212604612
213066301
213374988
214041104
214550293
214590173
214838016
214880358
215152673
215507741
215523556
216271605
217101510
217127650
217931838
218416743
219128726
219281578
219577741
219804918
220152402
220546519
220728651
220779408
220924714
221602485
221712208
221790066
222033820
222068836
222131201
222141952
222258917
222279381
222338139
222411704
222638047
222851872
222968391
223116386
223687306
224091837
224392254
224518958
224652862
224768801
224819792
225063038
225492989
225956009
226004210
226403087
227208635
227463308
227602222
228339250
228414304
228612271
228649569
228930547
229118759
229289334
229693598
229759238
230669934
230687632
230947670
231386262
231545606
231585920
231737062
232201009
232706848
233120200
233321458
233441897
233516071
233519960
233684796
233808691
234169100
234909852
235110032
235211962
235275891
235437760
235446617
235489241
235754155
236425750
236568119
236841934
237692933
238464892
238522768
238789592
238887502
239435832
239441291
239638850
239775943
239937607
240141733
240280940
240368367
240437199
241594141
241745940
242555103
242905040
242965939
242966542
243023153
243034163
243414248
243574445
243640037
243854009
243869106
243944166
245235767
245870797
245935647
246399849
246513473
246655906
247190192
247198836
247243198
247402036
247532562
247573981
248287578
248841430
249910756
250073397
250390896
250628765
250651022
250912901
251102966
251365726
251617133
251929563
252001087
252077956
252105685
252191693
252515892
252700393
253547997
253958034
254332326
254388417
254502215
254506436
254944120
255791225
255861430
255952516
256560546
256847796
257373131
257376579
257535172
257628111
257897316
258015263
258154983
258409626
259164807
259478013
259510703
259792893
259948474
260741764
261004717
261812930
261813275
262385799
262432581
262626254
262865210
262977084
263369392
263495268
263762200
264281159
264387957
264403849
264443627
264688652
264807395
265304601
265335570
265662175
266294013
266428483
266502257
266511341
266944402
267308523
267846184
268002365
268263835
268537857
268627548
268802851
268919139
268953213
269244608
269662370
269730737
270498816
270806659
271080903
271257853
271284217
271413623
271575951
271783188
272806304
273056330
273824871
273846274
273992698
274229185
274444772
274682232
274846479
275471324
275767261
275862386
275873532
276132686
276534841
276624931
276964837
277097296
277146804
277258864
277383325
277536062
277745241
277913269
278309491
278609355
278746545
278784605
279131322
279166239
279289575
279874788
280544927
280939630
281132881
282491785
282703371
282716110
282754857
283003811
283156783
283230141
283398407
284336356
285690954
286243232
286371303
286729190
286784465
286997614
287507761
287655127
288157832
288176803
288285262
288460900
288858883
288944477
289119122
289440216
289505246
289521873
289523325
290110430
290219215
290335154
290343085
290408231
290610560
290776477
291045602
291495655
291795722
291855072
291886720
292101057
292688827
292759576
292861081
292933596
293425334
293693648
293818668
293888771
293943817
294102143
294232306
294245727
294544184
294864387
294901125
294941297
295216151
295344570
295673021
295995186
296191504
296727812
296772632
296863016
296973016
297084051
297184851
297307330
297439688
297458827
297478165
297633026
297877738
297979427
297997688
298030040
298116562
298273228
298450229
298748891
298788226
299173193
299344580
299347482
299709993
299759978
300056744
300595147
300747143
300770209
301063912
301169138
301727601
301934318
302043699
302228864
302285953
302617671
302655416
302737594
302916229
303215488
303494530
304059519
304277206
304291455
304420024
304885295
304932273
305232951
305414591
305512540
305944550
306009851
306227747
306331634
306352707
306843364
307114604
307164524
307253780
307634720
307841459
307906532
308058185
308280690
308330699
308573688
308885479
309144149
309148198
309272226
309545710
309547222
309962571
310105638
310429329
311022911
311123239
311477095
312025752
312057008
312075304
313432773
313646394
313724613
313814999
314028900
314355039
314445637
314506605
315540425
315573245
315637970
315867580
315916114
316212806
316272084
316424274
316625034
316978410
317543871
318068182
318201929
318301216
318515306
318824343
318949213
319186407
319380679
319854112
320148924
320879893
321061390
321533460
321801810
322114481
322580155
322614033
322963129
323217490
323743338
324157508
324239441
324427977
324623730
325109209
325737355
325786029
325887319
326694100
326708763
326838414
327037716
327073049
327521384
327569778
327685304
328024817
328720255
328727352
328796663
329184804
329323866
329348716
329779692
329787162
330217954
330396614
330942260
331075474
331525146
331833540
331946016
332133968
332161173
332205797
332217461
332293870
332574543
333521629
333680057
334197441
334217037
334843553
334912115
335467298
335803705
336326566
336337526
336760583
336825386
336853044
337006570
337062888
337167425
337189332
337252622
337263043
337436830
338191778
338579624
338647970
338858449
338916367
339018002
339347734
339868828
340311702
340728921
340859619
340925060
340980538
341173025
341323487
341336844
341442361
341652959
341765063
341774083
341881813
342425560
342794610
342937337
343260612
343333418
343710840
343775373
343816242
344329654
344431172
344507460
344512381
344765703
344806614
345092918
346286988
346619813
347171417
347254644
347575501
347651496
347830963
348046834
348101990
348494017
348653486
348663353
349322260
349464098
350552873
350654115
350861045
351078676
351141471
351152757
352217329
353382298
353428077
353507282
353513324
353534378
353542092
354081905
354404508
354412058
354534280
354680823
354860773
354943702
355118032
355617784
356208826
356287996
356392209
356445429
356788692
356905807
357016704
357034418
357147335
357666320
357784930
357901273
357971341
358246750
358260510
358887985
359060746
359392217
359423211
359594196
359660453
359716491
360109662
360127562
360196626
360214835
360333209
360514439
360670509
360769463
361386710
361431309
361524878
362033521
362157547
363056308
363146205
363355398
363369149
363586418
363895696
363906208
363996105
364172443
364438809
364638526
364834204
365118689
365226048
365311125
365353759
365500904
365650638
365732649
365742199
365830431
365889576
366549792
366607634
366758163
366954570
367202096
367234652
367492720
367620597
367826245
368024808
368042598
368064284
368618563
369155702
369265010
369303080
369633471
369637309
369690410
369764144
369965927
370972751
371185869
371408949
371923552
371947224
371968402
372117863
372395994
372433137
372454312
372870360
372904906
372967498
373089315
373395220
373419091
373945308
373971258
374165056
374366655
374370458
374722365
374735007
374888963
374922822
375086730
375109086
375109913
375267753
375908931
376107845
376619008
377167662
377362041
377567081
377604366
378045846
378531162
378813122
378990789
379079302
379209013
379253350
379277170
379485480
379589003
379766226
380586289
380902521
380939348
381403795
381862950
382455799
382467657
382645918
382654509
382918622
383066661
383419116
383709095
383855010
384544164
385156466
385234015
385626315
385627247
385657268
385815750
386337849
386590369
386622540
386712103
386761307
387487889
387595904
387687845
388293980
388402321
388768338
388905735
388969672
389083260
389291475
389399278
389570971
390184235
390695949
390722212
391079040
391096851
391646438
391852771
392070436
392219832
392413183
392547975
392600580
392984649
393251250
393274584
393369986
393518933
393806116
395051124
395198926
395704731
395807620
395868334
395892238
396113697
396509548
397123987
397976076
398737631
399279016
399352891
399557977
399558822
399724912
400237376
400241959
400607675
400666319
400996705
401166117
401396448
401728829
401812919
402195533
402305388
402336364
402370400
402541751
403149451
403149785
403156958
403654806
404079684
404127158
404857230
405217031
405306799
405707011
406161902
406366669
406555214
406606439
406785208
407031582
407733305
408030249
408073438
408127170
408749151
409115665
409250191
409256360
409274504
409477481
409644301
410222130
410314233
410546034
410895063
411194741
412139452
412231644
412300855
412451876
412926372
413207432
413245898
413250861
414036625
414222163
414447347
414519660
414522559
414582740
415076493
415559564
415640194
415747497
415981023
416024730
416059963
416070627
416305454
416911724
417073763
417079740
417221628
417452136
417528767
417555369
417813719
418011813
418233366
418480619
419077931
419097507
419794664
419907273
420336754
420372585
421050563
421225985
421271839
421378602
421420825
421461479
421523565
421841785
422678065
423164268
423536414
423767598
424361727
424533305
424546748
424947691
424985622
425151336
425331021
425569868
425600276
426061965
426106501
426136148
426534103
426874471
427154736
427177393
427366578
427583424
427916670
428065668
428094912
428168164
428520433
428824672
429014895
429054288
429262338
429572581
429740724
429836879
429932206
430061865
430383028
430815387
430891090
430987009
431278631
431304042
431451093
431534928
431826639
432233569
432283885
432370725
432507506
432628624
432848792
433125092
433157194
433613914
433984755
434231801
434382617
434510722
435067343
435133892
435218767
435456204
436001193
437051760
437157336
437226963
437241649
437339191
437363326
437390629
437558730
437692758
438737286
439252631
439552136
439700537
439751449
439937990
441046175
441099518
441277539
441851954
442282519
442615496
443156626
443206170
444360956
445159937
445298838
445600656
445671455
445947341
446263307
446324878
446646068
446661299
446937560
446947442
447121808
447530322
447574591
447661641
447855514
447920780
448173719
448788503
448793013
448929043
449152364
449400822
449993874
450076414
450626384
450672008
450880207
452459180
452674594
453015410
453304053
453377226
453412376
453906049
453944882
454183620
454480472
454481572
454568977
454615375
454947567
455000396
455209595
455333103
455511324
455548771
455945615
456405780
456411239
456486889
456618577
456799235
457368121
457399297
457535853
457767429
458477080
459149243
459335796
459582198
459791829
459805989
460079170
460802640
460907027
461120227
461653461
461700325
461878525
462999622
463022371
463128490
463201861
463363079
463659401
463910403
463922584
463959706
464014798
464095524
464257216
464397526
464444470
464566556
465381374
465416461
465747263
465775427
465793706
465903714
465947174
465987285
466130068
466433595
466925601
467519438
467625796
467688612
467869391
467875971
468191973
468253033
469590079
470013806
470213031
470643930
470848051
470921177
470970346
470983468
471127896
471659917
471741118
472187260
472278910
472444954
472747358
473633991
473805501
473937491
473976921
474058930
474112704
474114550
474354927
474690837
476090248
476221069
476464201
476520001
476571051
476617335
477823087
477896414
477932510
477957601
478078835
478393662
478507160
478705932
478721003
478730068
479239072
479603303
479740324
479912465
480379030
480488458
480558296
480729287
481134476
481153684
481403280
482446409
482684047
482734703
482805261
482979609
483104955
483172048
483504261
483852809
483866018
483927654
483976815
484102288
484566049
484918926
484998017
485558291
485595782
486747019
486753320
486868326
487064157
487077284
487265173
487267322
487393565
487962650
488090971
488746260
489030118
489039182
489335302
489415849
489629538
489777212
490072875
490339067
490692015
491035423
491898246
491958715
492235614
492772791
493108767
493243225
493303090
493490265
494270593
494871155
495059672
495642632
495678543
495805635
496048826
496059906
496756687
496807175
496929362
496959098
496960430
497049374
497071642
497548589
497641921
498425094
498513903
498818215
498956679
499248701
499522247
499579584
499628904
499796097
500810041
501893348
502043191
502313403
502566044
503030642
503236500
503417589
503512245
503581601
503807096
503817026
504059297
504103990
504158743
504264325
504446902
504507866
505081617
505216008
506249527
507196396
507325886
507432320
507611528
508336985
508416388
508676330
508938195
509218890
509330574
509565077
510135513
511040691
511040980
511043553
511234834
511684326
511732874
512048551
512414532
512561001
512565855
512622221
512791471
512910104
513174617
513231765
513369088
513665450
513706885
514038879
514131685
514212228
514813376
514827221
516066240
516600138
516894654
516912613
516915163
517142272
517186322
517383021
518236695
518366729
518550221
518552645
518892814
518978162
519237403
519433561
519444206
519591718
519739400
519783275
520476998
520788863
521288098
521855127
522229071
522249768
522358337
522422082
522654545
523479755
523488236
523675910
524129674
524423759
524430702
524467223
524694349
524944956
525475349
525604008
526192913
526197972
526333583
526679324
526781209
526988073
527010124
527529504
527800299
527974551
528232799
528248254
528771311
529039559
529123417
529290884
529412251
529593214
529813723
529947768
529985032
529998647
530325567
530671242
530859391
530877292
531672786
531890466
532505012
532769464
532813158
532884400
533163032
533401264
533489151
533514441
533607060
534119943
534295508
534310585
534396931
534850169
534885894
535025619
535105545
535114613
535438849
535465943
536000002
536177986
536318269
537224214
537331319
537745899
537856045
538088126
538557881
538731939
538805296
539024137
539678008
539958939
540022704
540703545
540886787
540928257
541022410
541151828
541396330
541594306
542430338
543014156
543234455
543374358
543465078
543520042
543724149
543929778
544424406
544769819
545658366
546047242
546651355
546883218
547098282
547451458
547543469
547720979
547809537
547896743
547962697
548298116
548506982
549236162
549294401
549522895
549744368
550135832
550401149
550577286
550803753
551002114
551383496
551443486
551454331
551708235
551922136
552592749
552700209
552864109
553298205
553432456
553619087
553861386
553878366
553999785
554148213
554243065
554244265
554765788
554871721
554885504
555420859
555531424
555972680
556069885
556481474
557125068
557534726
557712315
558020932
558023545
558127186
558149352
558377497
558392924
558714223
558718914
558796745
559191361
559292693
559507054
559936904
559994447
560019755
560117688
560341976
560518412
560794411
560802907
561023212
561046790
561285803
561543810
561647640
562140625
562366683
562562995
562666880
563254191
563911959
564869464
564919488
564996232
565098650
565194205
565581329
566704668
567102768
567590172
568203964
568248637
568258728
568706696
569420339
569688872
569917394
570296404
570457959
570797681
571083214
571238401
571307680
571310520
571511365
571532949
571822339
571848946
572011826
572210873
572250025
572354600
572528567
572895104
572983388
573288434
573510024
573870090
574178225
574366736
575056096
575142960
575153527
575425851
575611379
575700975
575716012
575800027
576455465
576776699
576961904
577410395
577662732
577814932
578394253
578628207
578732302
579596365
579630458
579706553
579947898
580099753
580290680
580578824
580670383
580695296
581151043
581329129
581359913
581585021
581989045
582399201
583360028
583799942
584347984
584627534
584830012
585236155
585318236
585321918
585545404
585633161
585851409
585932940
586045055
586197241
586935765
587753896
588117620
588140052
588836924
590529050
590536563
590930813
591054631
591325782
591712728
591814615
592573347
592673100
593946045
594052461
594222398
594558200
594739127
594793401
594803549
595194606
595339643
595386746
595666220
596085946
596677242
596832268
596856253
596917895
596928546
597026295
597343243
597801266
598009751
598073590
598714413
599453091
599606564
599741295
599772904
599835160
599929888
600133419
600199021
600529758
600570481
600691156
600989803
601017226
601293819
601481801
601747219
601766293
601829270
601832788
601862580
601971403
602132595
602272894
603110850
603682075
603936072
603996600
604383692
604444216
604653590
604989978
605347990
605491213
605499090
606107271
606263479
606473032
606976017
607082096
607173259
608297277
608527125
609373632
609549694
609595474
609944872
610404090
610601814
610955932
611121272
611175015
611220748
611278512
611371028
612002448
612385267
612793355
613015260
613240330
613359534
613511465
613524303
613813802
613948940
614026110
614289365
614721574
614768465
615131567
615247911
615361811
615374028
615750650
615780438
616074946
616455211
616551718
617377436
618291605
618886821
618912283
619050778
619089125
619161987
619372101
619666391
620070896
620149044
620292164
620978057
621030332
621040224
621093178
621235269
621407243
621847673
622107958
622811811
622839559
623585909
623646346
623946414
624089463
624503353
624690172
624837786
625269901
625896419
626162104
626267103
626774814
626887263
627746043
627974163
628456515
628460358
628543529
628583740
628670581
628682788
628714525
628835765
629030105
629143294
629555144
629737766
630029781
630205902
630651530
630846471
630848439
631412876
631493758
631676526
631873445
632279213
632603969
632636533
632807809
633961993
634461066
635036488
635063452
635619323
635679992
635772035
635831426
636187407
636435901
636461688
636549274
636582651
636690860
637318950
637542110
637943456
638067187
638324663
638760115
638936170
639038456
639268092
639680218
639918715
639970079
640601077
640780497
640911285
641009825
641082470
641336866
641457236
641479349
641571651
641723177
641931785
642083809
642421734
642657896
642922607
643377941
643502009
643597575
643804743
643858162
644043189
644820419
645245492
645439477
645439482
645631489
645851058
646163145
646215179
646256988
646448968
646510860
646751877
646930883
646979928
647116314
647432135
647687699
647706237
647892223
647915785
647972228
648126468
648154543
649002862
649166731
649684885
649875747
650023381
650498632
650708812
650803142
651896514
652153264
652440467
652935358
652960871
652995618
653266542
653804034
653852152
653974944
654185519
654664124
655356117
655426661
655546677
655743352
655786995
655820170
655880705
656145570
656227381
656240003
656577542
656790534
656950571
658154175
658552107
658633857
658718205
659893242
660131531
660145211
660180833
660855697
661001075
661184747
661416110
661578113
662146393
662195460
662219503
662665744
662883239
663071458
663525920
663574758
663654628
663760884
664032265
664176207
664248646
664341709
664624029
664960684
665194850
666171732
666215375
666527825
667186282
667320019
667344708
668080926
668198456
668247092
669000333
669104685
670058536
670185757
670281220
670445124
670625204
670727220
670998891
671100762
671134783
672142287
672220912
672347666
672514823
672616635
672842197
672908989
673055842
673281516
673390620
673497073
673620131
673800238
673817140
674504810
674617122
674932685
675063932
675613338
675805999
676038932
676298030
677468814
678013894
678117891
678324609
678495411
678912680
679480789
679649610
680183745
680207580
680794554
680860167
681262973
682035097
682521642
683601121
683909983
684125482
684347093
685335742
685629432
685716672
685751172
685756484
685990812
686021031
686157573
686174910
686234545
686480328
686719268
686837146
686858295
687293726
689333515
689536457
689561289
690428785
690747993
690881053
690893856
690920821
691196646
691527839
691737497
691785643
691904179
692118560
692439082
692592471
692668026
692833503
693272299
693556828
693742136
694693860
694816319
694909522
695588273
695610135
696014237
696106364
696564404
697867364
698542035
698760208
698909065
698972540
699110745
699492901
699544374
699910426
699948108
700176007
700764291
700923090
701074927
701113415
701201729
701221226
701267161
701538086
701786698
701861575
702310485
702466925
702475130
702971282
703284393
703451662
703806075
704097532
704453490
704642802
705247641
705353991
705384862
705395822
705823969
705841937
705957383
706448628
706482350
706614528
707380500
707594832
707682952
708036701
708195618
708445857
708465165
708474818
708532823
708550352
708584338
708594341
708770453
708937137
709558831
710106626
710215589
710548791
710712830
711614117
711751395
711950300
712370186
713069863
713703406
713758204
714057459
714476783
714756913
714798894
715548412
715888493
716020739
716357663
716521000
716740743
716787723
717991826
718159687
718597956
718802426
718987915
719106595
720234991
720461999
720482208
720508047
720617636
720925985
721151144
721314919
721359445
721656641
721834918
722195460
722376911
722521126
722615943
723185742
723554737
724149191
724528412
724697022
724873592
724889232
724918861
725236607
725236718
725336257
725590985
726295430
726333476
726399284
726569227
726639033
726914035
727052298
727230727
727248539
727531789
727711322
727814371
728150483
728199650
728796301
728973962
729077575
729099132
729462098
729613676
729671918
730257487
730360414
730431339
730645710
730748017
730842772
731521052
732099551
732412017
732579365
732584919
732870918
733673648
734033388
734247591
734366399
734533042
734963790
735050219
735214103
735467554
735809664
735820143
735924069
736517007
736826304
737042317
737302752
738544679
739475821
740036193
740147270
740505419
740765966
740812766
741440680
741524514
741693513
741849461
741853997
742000529
742251554
742524464
742526918
743085968
743272198
743526242
743643652
744420832
744779430
745033971
745110476
745174020
745384240
745443670
745851955
746224064
746397381
746631730
747200841
747426611
747791656
747799759
748363053
748458302
748905191
749189424
749348448
749448467
749671068
749681269
749770011
750060508
750141572
750425960
750649191
751071398
751106542
751296532
751526443
751623740
751882421
752548445
752731323
753158403
753181815
753268449
753281866
753472471
753574767
753593894
754745695
754950363
754988420
755080916
755517764
755622269
755762462
756284116
756634298
757099806
757491683
757737477
757750004
757880859
757917080
758122445
758194627
758244762
758314451
758965297
759416349
759450140
759456712
759591773
759882826
759942876
759944404
759995365
760410785
760475954
760773894
760985278
761069671
761547249
761729226
762010885
762255857
762487470
762821228
763076514
763140657
763167703
763615658
763729321
763827159
764171695
764267611
764517629
764918431
764920544
765085728
765481667
766066503
766088535
766613082
767079506
767089755
767318705
767763119
767790421
768163485
768432541
769097002
769170103
769212380
769342579
769399197
769485602
769583977
769731954
769742332
770669552
770755593
770777987
770941351
770983960
771205854
771409384
771754118
771982704
772075381
772211011
772319538
772415869
773034507
773210326
773514756
773960948
774083453
774144910
774322893
775067560
775213663
775375386
775816361
776299471
776356911
776811375
777588339
778531810
778564909
779362868
779388550
779778855
779783490
779798192
779930654
779960179
780044100
780220440
780727487
781207047
781208810
781329637
781372715
781806461
781912776
782039941
783534640
783633486
784384547
784519874
784565258
784873139
784948561
784993259
786095317
786147086
786194441
786242610
786265588
786391277
786399157
786980752
787160548
787317667
787429971
788058649
788206122
788369236
788467909
789071962
789192178
789241143
790465977
790520728
790753028
790777941
791055072
791736695
791863782
791960541
792019908
792162569
792229887
792337875
792658471
792713984
792775541
792852137
793674442
794064982
794114040
794592041
795118563
795195908
795250252
795533372
795672338
796124293
796647895
796760676
797740029
797909495
797939019
798027082
798365153
798389224
798465758
798961274
799035765
799061720
799274367
799404500
799826156
800146589
800169889
800602619
801014625
801579450
801698786
801908136
801910534
802051318
802228383
802334851
802549469
802636017
802760086
802959474
803035887
803509575
803637219
803735117
804439411
804635144
804774992
804794225
805090557
805206438
805717637
805935581
806289869
806505338
806690377
806754117
806759056
806932685
808010560
808046590
808146123
808265951
808287141
808816245
809068884
809079253
809528534
809684785
809730419
810159859
810209134
810518281
810661058
810796195
811059307
811099007
812438218
812847075
812928550
812928784
812947733
812989378
813024306
813261293
813546542
813991935
814600335
814648297
814906859
815319869
815443632
815868151
816203981
816392935
816710218
816737314
816793803
816925402
817187460
817220926
817224621
817806126
818252463
818353730
818553840
818667645
818927608
819099814
819360877
819431968
819490160
819629741
819815250
820111387
820214378
820338548
820528669
820554261
820619933
821324114
821440030
821855801
822007072
822053693
822420956
823156703
823295746
823688893
824109201
824128725
824282909
824355635
824675676
824729405
825008701
825054561
825797279
825961275
827206292
827347834
827409286
827716136
827732689
827847827
827877374
828118660
828315607
828644215
828724799
829438857
829793293
830055887
830139687
830524109
830593668
831009673
831020771
831317983
831798533
831952328
832186718
832513242
832670533
832685513
832800306
832960541
832960992
833275075
833332883
833465082
833883294
834814782
834904837
834949626
835155286
835999434
836257649
836582707
836839137
836985781
837575644
837696475
838515099
838962836
839037838
839135534
839468390
839616019
839714421
839787064
840038174
840057797
840078713
840324879
840485387
840875162
840964936
841295382
841485669
841679501
842531695
843004196
843121348
843131326
843150535
843150957
843452219
843593818
843641766
843749537
844007298
844573214
844884839
844954397
845414794
845424594
845604298
845611433
845820422
846264684
846814651
847440932
847503617
847559652
847618860
847654643
847747866
847816796
848046962
848388534
848558508
849468217
849514453
849865027
849889565
849949408
850274157
850617637
851064502
851154491
851215279
851894314
851928060
852164181
852199351
852425283
852900388
852963557
853135940
853334731
853389313
853664345
854385391
854661467
854717490
855938258
855947223
856322808
856354330
856778236
856854456
857668242
857880632
858045344
858559770
858964758
859305691
859930574
860017504
860765553
861231589
861357286
861368874
861389319
861674476
861859378
862556287
862711486
862736565
863332338
863371584
863546277
863935617
863957345
863997637
864240782
864555849
864594843
864638563
864742329
864967591
865011306
865015689
865204629
865325158
865330094
865408539
865414597
865495934
865754306
865931263
866434797
866439871
866618094
866825604
866988774
866997702
867522979
867612229
867623263
868116239
868439321
868597185
868835939
869172883
869432549
869806815
869880263
869991274
871331588
871516507
871520764
871635303
872496053
872648403
872797860
873573819
873798983
873933039
874040354
874097230
874152541
874406229
874690448
874740561
875303569
875396743
875754928
875838039
875852700
875882460
875888583
875996028
876567122
877060518
878008543
878040018
878690306
878731879
879012102
879347418
879780931
880220289
880282914
881009489
881330550
881361160
881480720
881764904
881902787
882023198
882082918
882187734
882970236
882996439
883006574
883248764
883396388
883498492
883869898
884251621
884344696
884720969
884759395
884794314
884897144
884942513
885076212
885598598
885681246
886622830
886696095
886795358
886919630
886999556
887436684
887542559
888457621
889222079
889324433
889589614
889604956
889790614
890225246
890521523
890522268
890635666
890767505
890776847
891079002
891306761
891309043
891475744
891920342
892231073
892427287
892611150
892662759
892955083
893132453
893142056
893292089
893328710
893602125
893648823
893812875
894105448
894295274
894686799
894726253
895043793
895305638
895948049
896926311
897780507
897911129
898166163
898233018
898758527
898789301
899132886
899436138
899515303
899643413
899844110
899898013
900087654
900246278
900689727
901201896
901238660
901561631
902220762
902531496
903707356
903833750
904257769
904273870
904472331
904948952
905094422
905363180
905773821
905888978
905914609
906064337
906739075
906907846
907122201
907322710
907662958
907737164
907934191
908043497
908870173
908956528
908980178
909060825
909063493
909579751
909594928
910154404
910624481
910818032
911184646
911322710
911641731
911775694
912070242
912142073
912248252
912458064
912594776
912727895
912890367
912893863
913068138
913076818
913888228
914152542
914388470
914467539
914513652
914830903
915283238
915411535
915437055
915501066
915517614
915607548
916150621
916278169
916397859
916401678
916651145
916994757
917359509
917729722
917969862
918401958
918733269
919071927
919317375
919434269
919568756
919657793
919921867
920065410
920569207
920706299
920835147
920942469
920948495
921372141
921679266
921747955
921850239
923013508
923069947
923242094
923292920
923408572
923495056
923521750
923534447
923609847
923864974
924014217
924131083
924527426
924601189
924625309
924744248
924845918
924912656
925082016
925524242
925761344
925989573
925994362
927297238
927479634
928453898
928717514
929041644
929271187
929779094
929917180
930067586
930373825
930853704
931368409
931609137
932348964
932419796
932435615
932625361
932741894
933030709
933464221
933505323
933624121
934041754
934105292
934343557
934781157
935126307
935800230
935900022
936208344
936573641
937015394
937454607
937851636
937965295
938856587
939621806
939763698
940233823
940703074
940835349
940908693
941661630
941973034
942743406
943038022
943038751
943798492
943879161
944179438
944579132
944754152
945225987
945230991
945383384
945553987
945843901
946286791
947050603
947152356
947744939
948223451
948406994
948409658
949589674
949649622
949698122
949968907
950662230
951044291
951273117
951305275
951423016
951588927
951684975
951884316
951915480
952438753
952441837
952630214
952700508
952850584
952865688
953008099
953068509
953271922
953717185
954259143
955076664
955613135
955854423
956241490
956634878
956688063
957000519
957203158
957205780
957359201
957373852
957391900
957410848
957451987
957689865
958236185
958275724
958508127
958815269
958930926
958973336
959405362
959421361
959842239
959865261
959908892
960036336
960875556
961085323
961137958
961443244
961477150
961520077
961853704
962455421
962534953
962932648
963094100
963584789
963692937
963751849
963870210
964188855
964292537
964305849
964543326
965021887
965081313
965220560
965296748
965474798
965612521
965821711
965920818
966718431
966758292
966764876
967350056
967414859
967537494
967644800
968361189
968558118
968804935
969025342
969044960
969046838
969176536
969573360
969712815
970873064
970971329
971009291
971116334
971272358
972482700
972485659
972778713
972976355
973180416
973574200
973788402
973905932
974897027
974945162
975124392
975198301
975582535
975805915
975887481
975996446
976120829
976595645
977685244
978057276
978485756
979289978
979583608
979691278
979881755
980254802
980284227
980325664
980692304
980715976
980835000
981573500
981743475
982255495
982401250
982677438
982697802
982727993
982750146
983011799
983171621
983276695
983303852
983766538
984258682
984705628
984856550
985521308
985763518
985947985
986103798
986241964
986294399
986902256
987032849
987277172
987332441
987405483
987568818
988324194
988756767
988978904
989362681
989738788
990021966
990124615
990475159
990516847
990549414
991321937
991571763
992041842
992097562
992227698
992270178
992318226
992519249
992695793
993004324
993229824
993298254
993407690
993573028
993646231
994230354
994354741
994373135
994437570
994477701
994554543
994704486
994916090
995089718
995192591
995244303
996986841
997160436
997359068
997536701
997664795
998250324
998794699
999254413
999333020
999478929
