0.002166748046875
2500
2500
-2499
-2498
-2498
-2495
-2494
-2493
-2488
-2488
-2487
-2484
-2482
-2481
-2480
-2477
-2475
-2472
-2470
-2470
-2470
-2467
-2462
-2462
-2457
-2454
-2449
-2448
-2447
-2447
-2445
-2432
-2432
-2431
-2428
-2419
-2417
-2414
-2414
-2411
-2408
-2405
-2405
-2405
-2405
-2404
-2402
-2399
-2398
-2395
-2393
-2391
-2385
-2383
-2379
-2376
-2376
-2376
-2374
-2374
-2367
-2366
-2365
-2358
-2357
-2356
-2355
-2353
-2343
-2341
-2338
-2337
-2333
-2331
-2330
-2323
-2322
-2322
-2318
-2310
-2309
-2308
-2307
-2305
-2303
-2303
-2301
-2300
-2299
-2297
-2297
-2292
-2285
-2283
-2277
-2277
-2268
-2266
-2265
-2265
-2264
-2262
-2261
-2260
-2259
-2259
-2258
-2257
-2253
-2251
-2251
-2250
-2248
-2244
-2243
-2241
-2239
-2238
-2238
-2238
-2233
-2232
-2230
-2229
-2229
-2224
-2224
-2223
-2219
-2218
-2216
-2213
-2212
-2209
-2209
-2206
-2202
-2201
-2200
-2198
-2198
-2196
-2192
-2191
-2191
-2189
-2187
-2185
-2184
-2183
-2177
-2175
-2175
-2175
-2173
-2172
-2171
-2170
-2168
-2165
-2164
-2163
-2162
-2160
-2156
-2155
-2154
-2154
-2153
-2151
-2147
-2145
-2144
-2138
-2137
-2137
-2137
-2133
-2131
-2130
-2129
-2127
-2127
-2126
-2119
-2115
-2115
-2113
-2109
-2109
-2108
-2108
-2105
-2104
-2101
-2100
-2095
-2090
-2089
-2087
-2086
-2082
-2081
-2079
-2077
-2076
-2074
-2070
-2066
-2065
-2063
-2063
-2061
-2058
-2057
-2053
-2053
-2053
-2051
-2050
-2050
-2050
-2048
-2041
-2040
-2038
-2038
-2036
-2026
-2026
-2026
-2025
-2025
-2023
-2021
-2019
-2018
-2017
-2016
-2014
-2011
-2011
-2009
-2009
-2008
-2008
-2007
-1999
-1999
-1999
-1996
-1985
-1980
-1980
-1968
-1964
-1961
-1960
-1960
-1959
-1952
-1951
-1950
-1949
-1947
-1945
-1943
-1942
-1941
-1939
-1939
-1939
-1938
-1937
-1936
-1934
-1932
-1931
-1928
-1926
-1925
-1925
-1924
-1922
-1920
-1916
-1916
-1914
-1912
-1910
-1907
-1906
-1903
-1899
-1897
-1889
-1888
-1886
-1886
-1885
-1885
-1883
-1881
-1881
-1880
-1880
-1880
-1879
-1877
-1875
-1870
-1869
-1865
-1863
-1855
-1854
-1846
-1842
-1841
-1841
-1838
-1836
-1836
-1835
-1834
-1833
-1823
-1821
-1814
-1814
-1812
-1812
-1812
-1810
-1808
-1808
-1806
-1805
-1803
-1801
-1793
-1791
-1791
-1791
-1790
-1789
-1788
-1785
-1781
-1779
-1778
-1777
-1775
-1770
-1766
-1765
-1763
-1760
-1760
-1759
-1758
-1757
-1755
-1750
-1750
-1748
-1745
-1741
-1738
-1733
-1727
-1726
-1725
-1724
-1721
-1721
-1718
-1715
-1714
-1713
-1713
-1709
-1709
-1705
-1700
-1696
-1693
-1691
-1684
-1684
-1683
-1683
-1680
-1679
-1677
-1676
-1675
-1673
-1672
-1669
-1667
-1663
-1663
-1661
-1661
-1659
-1655
-1654
-1652
-1650
-1649
-1648
-1646
-1638
-1637
-1637
-1634
-1631
-1631
-1630
-1629
-1629
-1628
-1628
-1621
-1621
-1618
-1613
-1612
-1610
-1609
-1608
-1607
-1607
-1603
-1602
-1601
-1599
-1598
-1595
-1592
-1591
-1588
-1585
-1582
-1581
-1579
-1579
-1578
-1577
-1573
-1573
-1570
-1569
-1567
-1566
-1560
-1560
-1559
-1555
-1553
-1552
-1545
-1545
-1544
-1542
-1540
-1539
-1537
-1536
-1535
-1535
-1532
-1531
-1527
-1526
-1525
-1524
-1524
-1513
-1506
-1504
-1502
-1502
-1502
-1501
-1498
-1498
-1497
-1497
-1496
-1496
-1495
-1493
-1493
-1492
-1492
-1491
-1491
-1491
-1488
-1488
-1488
-1485
-1485
-1484
-1481
-1479
-1475
-1474
-1472
-1469
-1468
-1462
-1461
-1460
-1455
-1454
-1453
-1453
-1451
-1450
-1450
-1449
-1449
-1449
-1448
-1448
-1444
-1442
-1438
-1434
-1432
-1430
-1427
-1425
-1425
-1423
-1422
-1422
-1420
-1420
-1419
-1416
-1414
-1414
-1412
-1408
-1408
-1406
-1406
-1404
-1404
-1403
-1400
-1400
-1399
-1399
-1398
-1395
-1395
-1395
-1394
-1392
-1387
-1385
-1384
-1382
-1379
-1378
-1378
-1375
-1366
-1365
-1361
-1358
-1357
-1356
-1355
-1355
-1353
-1353
-1349
-1336
-1332
-1331
-1326
-1324
-1323
-1323
-1323
-1322
-1308
-1307
-1306
-1305
-1304
-1298
-1296
-1292
-1291
-1291
-1289
-1289
-1285
-1284
-1283
-1282
-1280
-1278
-1274
-1273
-1270
-1268
-1268
-1268
-1266
-1262
-1260
-1260
-1260
-1259
-1257
-1256
-1252
-1250
-1246
-1246
-1245
-1245
-1244
-1243
-1239
-1234
-1226
-1224
-1221
-1220
-1219
-1218
-1217
-1214
-1211
-1197
-1190
-1190
-1189
-1187
-1187
-1185
-1179
-1178
-1176
-1176
-1173
-1172
-1171
-1171
-1169
-1168
-1168
-1166
-1163
-1162
-1161
-1161
-1156
-1156
-1154
-1154
-1153
-1152
-1148
-1147
-1146
-1146
-1145
-1141
-1140
-1140
-1139
-1137
-1134
-1133
-1131
-1125
-1124
-1124
-1123
-1123
-1122
-1121
-1120
-1119
-1115
-1114
-1111
-1110
-1108
-1107
-1106
-1103
-1103
-1102
-1101
-1099
-1096
-1095
-1091
-1091
-1089
-1088
-1088
-1087
-1086
-1084
-1083
-1081
-1079
-1079
-1079
-1078
-1078
-1077
-1074
-1074
-1073
-1072
-1070
-1067
-1067
-1062
-1058
-1058
-1056
-1054
-1053
-1052
-1047
-1046
-1045
-1045
-1042
-1041
-1039
-1038
-1036
-1034
-1029
-1026
-1020
-1018
-1015
-1014
-1009
-1007
-1007
-1004
-1003
-1001
-1000
-1000
-997
-990
-988
-987
-985
-984
-983
-983
-983
-981
-981
-980
-979
-978
-978
-977
-977
-976
-975
-973
-966
-965
-963
-962
-960
-959
-956
-954
-953
-948
-948
-947
-947
-945
-941
-941
-940
-940
-939
-938
-937
-937
-933
-932
-931
-931
-928
-926
-925
-923
-922
-922
-918
-915
-911
-910
-909
-909
-901
-900
-898
-894
-894
-893
-889
-888
-887
-886
-880
-878
-875
-871
-868
-867
-861
-861
-857
-856
-853
-851
-851
-849
-839
-838
-837
-834
-830
-829
-828
-824
-823
-819
-818
-809
-802
-802
-800
-800
-799
-797
-794
-793
-792
-792
-791
-786
-784
-783
-777
-776
-774
-771
-771
-771
-768
-768
-766
-760
-758
-754
-753
-751
-749
-748
-747
-740
-739
-731
-730
-729
-723
-717
-717
-715
-713
-712
-709
-707
-706
-706
-705
-704
-702
-701
-699
-697
-697
-696
-694
-692
-691
-689
-684
-683
-679
-679
-678
-678
-677
-673
-672
-671
-663
-660
-659
-658
-658
-657
-656
-654
-654
-652
-650
-649
-648
-648
-642
-638
-632
-630
-629
-628
-625
-622
-612
-609
-607
-605
-603
-602
-595
-594
-592
-579
-576
-575
-574
-572
-567
-566
-563
-559
-558
-557
-556
-554
-551
-549
-548
-548
-545
-545
-545
-544
-538
-537
-536
-534
-532
-531
-531
-527
-526
-514
-512
-510
-510
-507
-507
-506
-506
-506
-505
-500
-498
-495
-495
-492
-492
-491
-490
-490
-486
-484
-479
-476
-473
-472
-472
-471
-466
-465
-462
-461
-456
-454
-453
-448
-446
-443
-443
-443
-437
-434
-432
-431
-421
-421
-418
-417
-417
-416
-414
-414
-413
-412
-408
-408
-405
-397
-396
-395
-395
-395
-391
-388
-388
-383
-383
-382
-380
-380
-380
-376
-376
-375
-375
-374
-373
-372
-370
-370
-370
-368
-361
-357
-355
-352
-352
-350
-347
-345
-344
-342
-336
-333
-331
-331
-329
-329
-327
-324
-322
-322
-320
-317
-317
-314
-313
-309
-308
-307
-307
-305
-303
-303
-303
-300
-297
-295
-294
-294
-291
-290
-288
-287
-283
-282
-281
-279
-276
-273
-273
-269
-269
-268
-265
-264
-262
-258
-244
-242
-241
-240
-239
-234
-233
-230
-230
-224
-224
-221
-221
-221
-219
-214
-211
-211
-211
-210
-209
-207
-205
-202
-198
-196
-194
-194
-193
-192
-190
-189
-188
-188
-187
-187
-184
-178
-178
-177
-177
-175
-173
-167
-167
-166
-165
-160
-159
-158
-157
-156
-155
-153
-152
-152
-149
-148
-143
-143
-141
-139
-138
-134
-133
-132
-131
-131
-130
-127
-125
-125
-121
-120
-119
-117
-115
-114
-110
-110
-107
-103
-102
-102
-99
-96
-94
-91
-91
-90
-87
-82
-78
-76
-73
-73
-72
-71
-71
-68
-66
-65
-62
-58
-58
-58
-56
-56
-52
-50
-49
-49
-45
-44
-42
-34
-32
-31
-28
-26
-25
-24
-21
-20
-13
-13
-9
-7
-7
-6
-2
-2
2
2
3
4
5
6
10
13
14
21
24
26
33
34
35
36
36
36
41
44
44
45
49
50
50
52
56
58
59
59
59
62
67
71
71
74
82
82
88
91
92
95
97
98
100
100
101
101
103
104
104
108
110
111
114
115
125
130
131
132
133
134
136
137
140
142
143
143
148
148
149
150
154
155
158
160
163
164
166
168
172
173
178
181
182
185
186
187
188
188
192
192
192
194
200
203
203
203
207
209
210
210
213
215
215
215
218
218
220
222
222
223
225
226
227
234
239
240
241
244
245
247
249
253
253
254
255
255
256
258
260
264
265
266
269
276
278
281
283
292
292
293
293
295
298
299
301
301
301
301
305
306
307
308
311
311
312
313
313
313
319
320
324
326
327
327
331
331
337
339
339
342
345
349
355
361
363
364
366
367
367
370
375
377
380
382
383
384
384
387
391
396
398
408
409
409
410
411
411
415
418
419
420
421
430
431
434
436
440
442
444
445
449
450
451
451
459
465
468
468
469
470
472
473
473
474
474
475
475
477
478
478
479
482
483
488
489
490
491
497
503
503
505
506
508
509
511
512
514
514
523
524
533
537
538
539
542
543
544
545
548
559
560
561
562
564
567
568
568
569
572
575
578
578
582
582
582
584
585
588
591
591
592
594
596
597
598
599
600
602
602
603
606
608
611
611
614
616
616
616
620
621
625
625
628
628
628
632
636
638
641
642
642
644
645
648
648
649
651
652
653
659
664
665
666
668
671
674
677
679
681
683
688
693
694
703
703
704
704
708
715
717
721
723
723
724
724
725
728
730
731
732
733
736
736
738
738
745
746
749
749
750
752
757
761
762
763
768
769
770
771
771
772
774
779
780
780
781
782
782
782
785
787
787
791
794
796
798
799
799
800
806
809
810
810
813
813
819
821
822
825
826
827
827
828
828
828
828
829
831
832
835
837
838
839
845
845
848
849
849
850
851
851
859
865
867
868
869
869
870
870
875
875
878
878
881
883
884
890
891
895
895
895
895
896
897
899
901
901
907
909
912
912
913
914
915
916
920
925
929
931
935
935
935
940
947
949
951
952
953
954
957
958
958
963
969
973
982
983
983
985
985
986
988
995
997
999
999
1003
1004
1004
1004
1009
1010
1012
1015
1020
1025
1025
1025
1027
1029
1029
1033
1033
1033
1033
1034
1036
1036
1036
1037
1038
1039
1040
1042
1048
1048
1050
1054
1055
1056
1056
1062
1063
1064
1065
1066
1074
1079
1079
1082
1082
1084
1087
1090
1091
1092
1092
1094
1095
1096
1097
1097
1101
1102
1105
1105
1105
1107
1108
1110
1111
1111
1114
1115
1115
1116
1120
1123
1125
1126
1127
1129
1132
1138
1138
1140
1140
1145
1145
1147
1149
1151
1155
1159
1159
1162
1164
1167
1174
1178
1179
1185
1185
1185
1186
1189
1193
1194
1195
1196
1199
1200
1201
1203
1204
1212
1213
1214
1215
1215
1215
1216
1218
1222
1223
1224
1228
1230
1233
1233
1234
1235
1235
1242
1245
1252
1255
1256
1260
1263
1264
1264
1265
1266
1268
1271
1274
1274
1274
1277
1277
1277
1280
1281
1285
1286
1291
1294
1295
1296
1298
1300
1303
1306
1306
1312
1314
1317
1317
1322
1322
1328
1333
1337
1338
1338
1343
1344
1345
1348
1351
1352
1362
1362
1362
1369
1371
1376
1376
1379
1383
1384
1388
1390
1390
1390
1390
1391
1391
1396
1399
1400
1401
1402
1404
1404
1409
1410
1411
1416
1417
1418
1419
1422
1422
1424
1424
1427
1430
1431
1437
1439
1440
1440
1442
1442
1443
1449
1455
1458
1462
1462
1464
1465
1469
1470
1472
1474
1476
1478
1479
1480
1482
1484
1487
1492
1494
1499
1500
1501
1503
1504
1507
1508
1516
1519
1523
1525
1531
1533
1538
1539
1540
1544
1547
1547
1548
1548
1549
1551
1551
1554
1555
1556
1558
1559
1562
1562
1564
1565
1565
1566
1574
1574
1575
1576
1581
1583
1583
1584
1586
1590
1591
1597
1598
1601
1601
1602
1604
1606
1610
1613
1614
1615
1621
1622
1623
1625
1628
1630
1631
1631
1636
1637
1642
1644
1646
1649
1650
1652
1652
1659
1660
1660
1661
1662
1663
1666
1670
1671
1672
1674
1677
1681
1688
1690
1696
1698
1699
1700
1701
1702
1704
1704
1704
1705
1706
1707
1708
1708
1709
1709
1712
1713
1715
1717
1720
1720
1722
1726
1727
1730
1730
1733
1738
1739
1742
1743
1743
1746
1752
1753
1757
1758
1764
1765
1767
1767
1768
1770
1771
1771
1773
1774
1777
1778
1780
1785
1786
1788
1792
1795
1799
1799
1799
1800
1801
1804
1805
1807
1807
1809
1811
1811
1813
1817
1817
1818
1819
1820
1821
1825
1826
1827
1827
1828
1828
1829
1829
1829
1830
1831
1831
1831
1832
1834
1835
1835
1837
1837
1843
1843
1844
1845
1853
1854
1855
1855
1857
1857
1859
1861
1865
1866
1867
1874
1876
1876
1877
1878
1879
1880
1882
1883
1885
1886
1887
1889
1892
1892
1894
1901
1908
1909
1910
1911
1917
1918
1918
1919
1923
1926
1931
1936
1936
1937
1937
1938
1939
1943
1945
1945
1946
1946
1947
1947
1947
1953
1954
1956
1956
1959
1960
1962
1966
1970
1970
1971
1975
1982
1987
1990
1993
1995
1997
2003
2005
2005
2006
2010
2010
2012
2012
2012
2014
2016
2016
2016
2018
2020
2027
2036
2036
2039
2040
2041
2042
2043
2044
2045
2045
2045
2047
2047
2047
2049
2055
2058
2064
2065
2071
2071
2072
2073
2073
2075
2080
2081
2085
2086
2087
2088
2091
2092
2095
2096
2097
2104
2107
2108
2108
2109
2111
2115
2117
2117
2120
2121
2125
2126
2127
2128
2129
2130
2130
2131
2132
2132
2134
2136
2139
2139
2141
2142
2143
2144
2146
2148
2153
2154
2163
2165
2169
2172
2174
2175
2175
2179
2181
2181
2182
2185
2185
2187
2187
2189
2191
2193
2194
2196
2197
2198
2199
2203
2204
2204
2207
2208
2212
2214
2215
2222
2225
2230
2234
2235
2236
2236
2237
2241
2243
2245
2246
2249
2250
2254
2256
2258
2260
2261
2262
2263
2266
2267
2269
2271
2273
2274
2274
2278
2278
2279
2279
2283
2289
2290
2293
2294
2294
2295
2295
2298
2298
2300
2301
2303
2305
2305
2308
2309
2310
2311
2312
2312
2313
2315
2315
2315
2317
2321
2321
2321
2324
2326
2327
2329
2331
2332
2334
2334
2336
2339
2340
2341
2342
2345
2348
2348
2349
2349
2350
2350
2355
2355
2356
2357
2358
2358
2360
2364
2365
2365
2368
2371
2377
2379
2381
2382
2383
2384
2385
2388
2389
2391
2394
2396
2397
2400
2402
2407
2412
2413
2413
2417
2417
2418
2426
2427
2428
2431
2437
2439
2440
2441
2445
2445
2445
2445
2448
2451
2453
2456
2456
2456
2458
2460
2461
2463
2465
2476
2479
2484
2495
2496
2496
2500
