10000
56002049
68258477
-34038462
-16577344
-29039285
-98426605
-60979173
-44190153
59130739
75140557
94555036
-91777665
-46987479
13654247
82306576
-62766688
98406552
29806538
72972880
-40758608
82541653
-59577530
4557231
20819989
10344334
83623698
56519366
-10402118
-18510744
80092238
-3583637
13426356
-96543804
67180260
-70182815
-39540223
-34190332
-30630660
-85129958
-31048292
96480174
-25192193
95405685
87708097
-39083134
-48549894
12725077
-11662357
68149923
-50732297
-86129164
-67894335
-34144771
77995668
-21391911
80918254
90422241
7988482
-97013207
46046822
-61724460
-66255402
15942521
97603354
-96232494
-57054144
-24229283
-32602220
-44356028
-46680867
26065275
-101764
61658198
-36529032
-62281584
-41434807
37008919
-96403919
60150786
28177910
73064436
-37667237
36152942
32643282
59219804
65661285
-78374333
50677249
51656043
89000521
-10431165
-35283812
-70471547
99280166
-38165910
29509248
-59061935
-23556105
33862207
1366228
21850145
46960621
42705594
13248270
-30333691
-72992550
53325894
99842294
-90063782
63565214
36624432
27631565
-15392496
29227619
-44118154
-79498515
-38541708
92272238
22459595
-38833215
-15345211
-77905910
-47821016
65221495
85563979
14093533
7949925
-35720080
65105319
76796130
-81841000
10915208
74995620
-63106912
25485427
-73937517
13367057
99688125
87735296
91936828
23173059
-90710344
-78983839
-56715301
50455448
-52735826
63635351
-46039345
-58560270
20560403
63927383
-33374808
23811260
-51825876
57496551
97114053
-60136885
-45488220
-79699066
5894697
83561229
-88211974
-28798773
62384242
-35230322
-30074931
-3380118
22351800
42939880
-75010916
-95581345
58305644
-43358888
13706312
21052428
34516738
55961452
-15724191
-90042597
-93948986
-99281580
-53305872
97068991
77496161
-61704042
-72672378
-25430510
-56098752
17476949
71978344
-88541224
13632848
30634094
95190595
41778930
93036389
94587502
93990868
-42637594
-73333890
60451218
-28730261
85962106
-12021738
94011044
-75929779
3530384
6933852
-63302531
71691496
-41533398
-92006754
-19856229
78105958
96368309
-12129713
-63957104
-95594816
-62703958
-37122131
12839044
83617195
-76446877
27380751
99393639
-34973708
-18131452
-20900234
-1939626
33587965
83969171
25093591
-50710790
-79315805
-99349558
-30543921
-61448447
2441208
-47228943
13921232
-74272289
79787953
49490681
-13836675
87146218
59649282
-27609010
-12187643
-75176509
48233942
14644595
-72558609
-27031663
-76258918
59630461
-62949901
-15514233
-66674329
-59097814
44630540
-83799
-68257414
-64471988
47656086
84326878
-38923896
97275067
-61381307
-10922051
70277492
-20486821
-71366798
46040422
-62448284
-24200290
66494022
93877884
50374042
-61119601
-39283591
-9165193
-92542960
-82630481
29998544
69755870
-78839878
10907249
417190
13686210
-15972777
-46055926
-72723886
83033808
34554023
-87685557
59743274
-60749851
62517689
88889206
646086
-98762931
39991493
-94025412
-92650531
-59782689
-2630219
26754356
-14554474
-29382419
4271339
-71887772
-73953413
7443057
-44770844
-22656306
32369826
-140639
-28357215
-64358568
7118749
-32851165
44556962
-60768499
-40893582
39554571
-90909358
30530138
1768650
71808619
-22633642
-8820252
8108361
5146476
-4844266
83640370
47661655
-86135844
59149772
-68197378
-46110755
81079018
-36493722
-22323655
-52839027
-34021656
56036092
-88628780
8844437
18327663
68780104
-88896398
-69626011
96326188
28286748
-91991327
78328944
3843764
-88297844
16328382
59946960
53470511
-9372024
7955775
20842291
1390687
-92094799
29202
47368902
-53136682
-31867022
-56793182
52133169
-27089961
69354717
53088828
80458721
74739830
52250771
70091478
82416364
57544863
-49213156
1685774
40591154
96454325
-62662306
-42099687
30010534
21226376
-27308911
-51453832
-27315985
82536638
51050088
16244274
-59726566
95480652
41768552
67062718
-14686197
15797525
-23139286
-57566639
62405895
8371708
-57865540
-65637374
54629260
46936175
7777724
-53171469
-83017073
-2311235
59887571
-66212143
2503074
97398700
-86004937
5357825
9106320
2486744
-39530567
64957708
97592815
48463804
18681139
24520604
30466733
-71000516
-72464730
78620155
-11405345
8219059
75818367
54939760
-84406036
12704382
-23318533
93453711
58406004
99058699
-70069752
-54179337
23182439
79963414
59956159
-72092383
73215695
25056885
84652871
66587137
48859229
28036828
68884395
-91061466
-74215247
86650314
70141150
9538688
-90099237
-78936724
-3715670
88152717
28116009
-6768713
-35796849
41306069
-24368331
64286965
44858002
17948811
-78541088
39287618
27662459
-39224147
-28384824
99711612
41389639
73153356
93603827
-64203865
9283452
-34700202
84473160
-76445159
-54158068
46619836
-50432883
15144435
76757174
-62012745
-68515956
-82582799
-94013540
40872347
10055365
-95455795
65015466
-61243343
-67792855
-66989762
-29358698
80089314
-83867617
-98082116
28283520
-51885794
-44844935
-13157456
-33785704
98613443
24778970
61959586
-65731821
85111407
33197977
-65936324
16096507
57670057
-46530198
-24687801
64945610
-69397086
70327363
44707316
66550369
8686505
14288120
79296687
5092746
629233
-2831770
55840353
-22199452
24267050
-17670805
-58792295
-50711665
33997967
-61789968
-22097826
7965746
-25808200
-21834529
19089216
8821797
21502322
63888153
-83470976
-43928510
-787844
-59590085
-1984903
-13020117
-86548902
-81511163
-83893158
-68865347
21447956
15889108
-3488778
79946339
-71435751
-88294135
-36020608
46195211
36098300
-62047425
-27975493
66895460
66633331
4656787
-94766133
-59529596
-256716
79040847
49633912
52542126
84380043
-52815605
-33737356
21968241
17600688
-36914885
-67944258
13619767
16636650
-99553726
22343330
-67098183
67283716
-99485315
43639738
-36806453
34748389
-57027581
-97506660
-70721410
9491894
66158539
62161774
-11308048
78659795
-89265346
-8709483
-55039728
-93404914
94476646
-14851866
26516502
-96918044
-36641535
892842
52133376
-81394128
71949254
90953640
-8423395
19012027
91224769
16320644
99004830
-5488235
-81778382
57008691
-57446349
-81215905
77383532
-59973097
66060547
60885503
-94994169
82630459
-96223047
-35151612
-32513215
8415527
-44405892
-52036949
7363299
-49186830
55130793
44084000
81540158
30010609
35276525
38165292
9358677
1417396
72857119
32709159
-45016657
89652449
-11991844
-19806395
-23737429
60591470
5110078
41794036
18317615
5846668
-70100151
5328084
-25042583
-14695919
58413116
-46807145
40917689
99101369
41208905
-40854322
48332325
92636010
13630572
-39091002
-95047809
66231217
-98427724
-70978487
-97603831
-68635039
53622690
67868166
-75000723
-49197949
82135235
-87613450
-91514449
15570230
-94246691
65867722
-26463056
-88178569
77081099
-32811111
-3366553
-50373614
17939206
58872752
75194417
10503563
-83724148
-45486644
-91773786
93383698
75532729
-99202073
-71038136
-24395704
-39218917
-37480922
48858451
-18675378
66483453
-60834225
-36681400
-82685278
20794471
-13680137
-26413421
69613541
28434695
28610666
-78495114
60323805
-56314126
50198622
-23715583
43871204
-82395273
-57483100
16364952
-87232158
-86889412
-90025309
26344889
-3325136
29359155
-37596119
-7631857
19409397
58847222
886521
72520198
-1927358
-71197354
23446970
-25307330
68946174
-83054522
-23192475
-5911436
-36324937
45253467
-79138124
-39942901
-1813012
19285895
-41502445
76346557
-83395661
-84814796
81440421
-5409034
-11509735
58701105
-50072961
-56775261
-85825885
14046394
55227699
89686543
95252131
-70899871
76012233
-31770000
-94789467
28923283
-65575465
65952325
22978796
-72658301
-9033296
-24832445
97180928
-71666699
-4003962
77786697
-77507916
65299972
-22912954
99080737
55274949
90453848
-80202666
-45366679
-74352553
-11204012
55989453
57545418
82082626
24533377
71488163
22364376
-18669290
79982173
46057042
-99143053
-92203539
4200981
53524552
64572778
-4732076
22292640
95904771
85759226
51149275
-9047694
-78129007
-34138771
-90147714
76716142
52698448
6728215
96522443
-70818861
39818672
44353766
-35658833
60669246
3166797
60422494
-46436230
-49812092
80923648
-96347346
39069365
-23813162
-13418049
-53640131
68142373
-79504599
-62068881
-97569202
-88640335
27138720
19369836
-54892323
67444561
-82186638
-13063388
-92320053
38992327
62231822
1656569
-25568956
-14897747
80661752
23905023
-68136750
-50989653
32791910
39811693
-18259468
-98889455
34966353
7701458
-33252949
-52986634
-36881145
-42081805
38327581
25675275
-89652958
-77645948
-30020292
99801442
-85589774
-54694594
8093518
-53096458
-62317399
-33794152
-2990458
17624520
34579344
-53982386
56937530
71455793
-62023601
55731025
43377315
-49968767
950808
18945551
-50062259
90612590
25822910
-52409384
-50531731
-50856707
39646222
84835962
43081638
-15683805
81253766
-86074741
-31497632
54253181
12241495
20167147
-58412630
-8179981
-40805631
-26274435
-61140534
16838005
-50555278
-73268775
-82985369
-62792898
93903579
45016217
540514
-31260960
-95158908
-52012384
9080135
-38921542
-88410005
-37143589
58658011
71415813
-70021776
-51850907
-16589026
-91920220
-94330166
-74714795
31418821
-81510450
76693436
-41731129
23077543
57485020
-117652
74697904
-47159096
-93313869
47976725
66817140
63285737
-80981014
-34252412
-22574673
-25879641
86805748
10772428
-42807459
36818470
80178856
-5888763
-29772569
65804822
57097982
-39034149
-43007195
-13719687
-35372072
-82808415
-30914835
32300289
75726855
-48331213
26994447
-44952121
-6972796
-72680592
42696092
-12109620
-14239176
5491858
-78854270
-26259559
-39220238
-96485075
68241639
6917099
-3984909
38971419
-56530763
99342173
77296353
-33311876
-53031601
95312502
-1817894
-12186831
76069925
-55509667
-77126352
-91067593
-10311445
26626145
-9841179
90054473
-22637541
-27808387
59697593
-1401482
6304241
41077067
30933169
-9720575
-8205695
21555166
-81131220
52885443
36851996
-49401241
-95510151
52456629
-37137773
69167312
32834056
38176094
-69626520
-85562892
-65413054
-34592463
-33049741
91360521
10226567
45309308
-65764846
-32826482
46621189
29112849
-73507530
30997917
-25329708
65035958
60796535
-8618386
-70412884
50682997
-49853944
-72653852
90766586
64178910
-25598079
52455633
-52305880
47830101
-75510466
81669036
-15380548
6694511
39999784
-85685215
-19874314
-59275948
42703024
-65186055
66775192
95876458
-59446518
-54993749
-67398980
33330177
48049880
66258653
-40845828
25494745
93739264
-36033539
65505012
-72760052
-63465673
95842960
-13533493
56228776
-28889126
67634080
87964026
-77866016
-10507903
74375315
-66168293
18349642
-66600140
17528546
-85261666
-74255522
47682969
-29744010
-37490366
-49381013
31249072
-70418920
-63257361
13861010
49930312
-46599083
-20240564
9234490
-8516517
-23285523
19245680
9623396
-22790271
42409149
-93848780
3814684
-43597216
26551469
29125247
14346866
-76365868
-19411751
-87283923
-16960744
-50131873
97756506
88266653
-4497137
-95511965
-42382018
89591065
-82576092
32141702
-29763789
64659745
-85931973
85855361
23866797
-63170644
47193891
-80535979
-81306715
-98265634
-25590608
-26053846
88908218
39273794
-33911748
35309884
-83697536
6053586
-41670337
-83637617
26581475
98160448
22975975
-3569637
-67135117
-21488432
-88041569
-77818936
-27025840
-26874644
81434464
-44230231
13766007
-55878382
9979292
16367463
-44271364
-62310028
-39915884
26165904
-43008040
-50284634
-30753814
65686202
-87594717
25853835
-6135957
83390991
80953299
61872998
-47969811
-23367178
41766062
-61992964
-70955790
-31319028
86597637
-75529307
56369227
-22614785
49425493
-77365900
-16508596
-81982848
72591770
-22642903
61919872
2350454
31705221
-22449128
-1518799
11391336
31921387
-81606525
-56104961
58216339
70322441
-99370871
26831266
26099849
-96409805
57904286
-21824049
64334251
-28390971
10790541
32441755
82108604
-15150451
-50810206
-79185778
13091095
26148978
-81725464
65536313
-30871678
28494095
-3321676
-75703367
-83350387
29390682
40622320
-27308875
6849089
-97267016
54159396
-56374419
-80082991
95679189
-33845383
50701376
34378178
-76200884
-63715430
-35983986
-14443197
39413931
14669670
3870609
79652010
59560372
-91716595
59942596
65669289
66223273
24267597
16697549
-10919514
-96661205
-16663896
-35292814
24019759
94185434
97208190
28461385
-52379558
-71198113
91102241
10502727
-85809627
92121007
-9219461
-10178859
37923191
17660833
87484057
-7594120
-30816964
-11864758
61588914
64827711
51175651
-10671180
23417950
59317917
-54164701
12319596
91522442
-55872069
72239166
26382290
52619858
95498762
-61331612
55771940
-69214134
-27143806
78372383
-95505948
48664421
-54934984
63559878
-50528315
-52441004
58793823
14682637
15937262
-45159448
-14329193
-81714743
19505686
65746022
87672099
-3980966
97656795
16052698
-12157194
-82570642
36199911
-15727913
-80512814
43981887
90862693
-6874395
59101918
-76213698
-65815986
64667168
-74744811
-50997409
31390606
-11507038
90983311
55345200
97344434
-23178712
-79135317
-98289351
819223
-80230808
-73828059
48418687
-63653214
52100542
-87729900
82324958
50529757
-67357273
86788504
-81982888
222902
-29961340
35601526
76280193
94752998
98010579
43055928
-61343058
25255396
11279430
-4528148
-6007332
7985999
-60435112
-15597226
46797187
55981573
69774517
-98373304
50997629
-4928852
-52067014
-61757347
39926609
22082177
-85720136
84349149
-17742598
72336908
34290425
50668841
84852218
53609465
-32279601
7676591
46656526
-2886756
3090458
39877853
72909172
-52034319
57435481
58907399
14791826
59491454
87438744
71946474
40651988
-99102667
-77279893
-13598850
-70391311
-47970140
10395034
-80307960
-34556304
14307510
65992258
54369824
-91636698
68880699
77649695
-6728248
15909404
58216434
-94861954
17078189
-91405018
89894999
19431790
-34925624
-1837575
36327998
-9047938
-18642698
-66587438
29163840
72735786
-94405473
-77572955
62305924
19176677
-5414695
29732402
-80284930
-12075116
-4744065
-54675817
-49904830
-49547415
-85695879
-50705660
-24803039
57118841
-4826526
80390123
12358648
-71321908
-17845141
-1763585
-21858848
38927301
-91798318
-31975662
42299381
-44138432
9055548
47687038
-14905892
-96086503
35722017
99156259
-89969777
60787153
34724638
21171635
-76442171
-43798247
-24080827
67455262
82077095
21262382
97903529
43743886
-37217424
-28625437
-68963852
63988425
-75386780
26568098
-7157598
9953651
-77452066
-9714765
-79168173
83877940
87195365
3288664
-81811129
-43708193
65025449
8624727
-14229528
39927172
1498851
-96578346
-63768437
-81548903
-63957122
64096365
-191170
41433146
-43177884
51521242
56458255
29125337
46658893
-17239141
-55351218
41494907
78079918
79174119
-99238439
-14591044
4165699
33296136
-15570013
-77597440
-57338774
-47552716
7513355
36474878
-18003526
-96048319
-37532867
-59719991
-89228750
5930551
14509651
13614321
-99646675
-74536883
-67209923
62442216
96540116
8978730
84729880
19870485
78269809
-16162380
-43093999
65879535
65401905
92617497
-41129220
-51636768
-26445233
-83478252
-63635523
-968474
84017593
88220343
37830002
88325708
-21622575
71336354
30047145
-64585601
-33971909
-62672369
-3484676
-7082528
26412604
48351640
-14275343
-55262489
-77520344
-10188343
-76562780
19690598
98730142
11589109
-31394799
-52871432
92518189
11555581
3103696
8955948
-53220368
-14697072
-10301876
54005951
3703690
27335434
55189439
-14981602
41544435
-10062471
-18507098
-79199835
-73151742
-11990388
-47065576
53260862
-71172376
-90091143
-79714630
-7130266
-43675666
-36289197
-62535506
50392128
35508877
-3720083
73331735
22576394
-38090985
-79572107
-18066909
10748389
60353523
21714245
-23209344
-64616809
90982183
59314383
36057128
73818152
25591575
65982852
-32440462
-38930934
-19288561
35513288
-11507700
-40773097
-46181199
69227816
-98350165
4808315
-22525220
-97284938
-16102796
-2199903
78422816
31200865
84667012
-79739521
-3496136
39741346
-44461626
81835932
-96918285
62948636
-63207886
4031480
-70911971
-25606249
-28262556
-54850584
85864067
5881671
76310626
-76917148
81561918
-67760267
63689865
-32226415
-82899796
72316605
60302394
-37370321
34022400
43329308
-57189928
-13161623
-18875064
-26419366
-78473268
77997082
97911268
-40238426
43950343
63277275
50547510
-8438521
61765234
34724487
49153286
-53311189
95703931
77085603
5909908
20004603
-32567430
-24208671
50506005
41859962
-33035952
-18003081
75984889
-76505781
25336357
8998173
91596260
37000576
21338897
32070613
37097475
93001156
92058363
76248283
2069267
45093488
91259088
28897050
74398618
85079941
-30169408
25700963
-87555904
-4876432
-4734219
62176004
-66398238
-45872158
67911457
64835887
35644291
83268452
-64106093
-64116621
-14928412
-90745471
-40027093
55157507
21451728
46619774
77351707
-24539905
-30053113
-81162122
-15645627
-56317711
91161688
18717961
-23178017
-48259174
21681429
49948572
-50880498
23845247
22547838
-30606514
98046227
-52791317
63071020
-9677579
-84730494
-23611236
-32710975
-83635613
-69686618
86870066
-51413154
48912221
-66801534
-20987962
54184586
-14138411
-97835733
-72892242
-65986530
1370109
-24778499
-11018444
88814378
60287345
-76552100
-84814790
-87809302
-71611058
4543807
-55966664
-58433553
81857754
-77005667
18121185
-6436488
40918700
-39852513
-71880071
39008958
-56448717
33848647
-76649601
-13882185
41846089
-59314281
-55164892
-42477294
-49126774
-67297397
-45438997
44572285
-77295982
-84764722
24256419
96764200
-17858057
5505653
33457910
-74441194
-953701
90569167
-29469198
-60503279
-96673831
-88304664
-30889444
-61986411
-98866485
39867219
63482182
41875086
-47486755
22394147
37006808
93823519
-90548494
63587171
-80412363
-95970488
-64976900
-9435157
-4865767
72103768
77374597
-50667631
-47569566
93380045
-21641874
-53810289
-42786899
69742099
-23378682
35292287
38831476
-68087026
53547541
95693800
37284171
-71309599
81349081
-65311325
79706061
46800380
-42086568
57143810
4521988
63607859
37781449
91560175
11424350
-80913463
-48838962
-91368228
-43163312
14149320
-807861
17924095
-32036515
-26033387
-54159485
-46114462
68258434
81664774
-10470768
-77093162
55877144
79465906
-58114487
82891404
-22533405
-77364156
41880791
-63071930
96592246
-63011392
96332379
-39035465
22589425
-62200135
-166767
-75223587
15124537
66497117
-72663833
70398662
-67722495
-63142097
61713128
-20608750
-82745482
-57189650
49629929
-98417174
72286605
-38028250
98510320
-13382577
42827128
1832158
-31428801
-34427950
-23235277
59761941
14245105
30310392
-60724373
65821911
-98277925
-19404571
-30190377
38902849
1308954
7379062
-7247670
12529472
83785833
-86066413
-89947370
51848847
12767492
23973642
-43504099
-65963769
-65201673
60698447
45603509
46100178
-72592134
-77702854
-80115536
73369125
-80864614
-14279557
45101718
-38641364
61619237
-11421140
-13265033
3427388
-73184100
92738626
-24267326
-52264233
-13652072
14202473
33881171
3925275
82024107
-84678071
-23666525
-65053837
2157032
98539081
-14057473
24762301
-91944730
-81707275
-56750621
82663565
-34431158
-45837942
-89703542
56073198
95547720
-48711222
-64160837
-79803807
64810210
3847421
-99496970
86354887
11871984
65120980
-60914246
75563740
-59836876
22442172
-99256702
56864921
-24664613
38617699
-40884620
-78736414
61168045
72825357
-4223285
-64224709
-37274802
11899605
-62275817
-59608837
-59096097
-44017822
59026950
36214650
50147611
-30444861
-87132253
20244591
74751567
-73950378
-44691629
-83074279
92287019
-554309
-63639588
-69538239
78111955
1874410
77067827
-67902470
-54384079
-40962310
99024625
-72069932
-31645126
-36304483
26755658
734694
-36345642
69901328
39176172
-39607017
-36178350
-41715199
-46978669
-79571389
-81968501
-91656207
13297523
-33991783
97990482
46967448
-37045073
34874194
52759521
-29009508
-70072078
20089949
-61527384
-60258335
34456194
-56127731
-32228911
12317340
-79489013
-84986265
-43925047
-87978267
-53850143
-76848536
-71885758
-23779193
5782005
28124005
39408629
-5122490
-72641737
-86459746
-47619700
50545627
-90084026
31298777
-21338089
4944900
44900952
45492977
97620225
46147997
-25565776
-96773953
76324949
-76722955
57236268
-90135475
22123226
-73550662
67258359
86253219
-61678042
56531012
12806561
21997719
-92246452
78728475
32764704
-76481582
-73390970
-28478839
99854055
-46941143
31829339
23895773
51711624
26320716
-87955304
-85154230
-60248155
-43146288
41065886
9287330
-69198456
40838481
45384043
-78066520
-844176
-31752539
-37942157
80460411
-5341602
-20107255
-7449530
48991439
99250508
9422515
-58042995
-82135665
-51886450
97236924
-67856958
63401076
-97445404
-17493295
31430241
-46114652
66127730
-8313499
-17972424
48877654
85889599
65358459
-63381412
-7315987
-21734011
46171264
46454091
64064510
-76006197
15779209
73117060
-48584790
-56124414
-81367628
-62693925
62292893
49038000
16426760
-26445901
-9976609
-42819395
-6243145
28056370
71495307
42343413
61936227
16055136
33041257
-29277783
27023216
90830790
-2435326
97364052
10321815
9616302
-81070365
58318567
12978168
47972648
-39617050
-93554611
-63367362
-8360456
73796447
39475170
-982496
40086430
-89568555
6230221
-21536317
97082062
-84730753
38849246
64060769
-64267451
-90419497
-6657628
-29478498
55635682
41086615
62611569
-7651595
36089757
-42317412
-18353669
-67476097
37270987
57752882
60076897
-67882298
49676898
-56665811
14323879
27768927
38547553
-94778880
-66335289
42417428
63659050
19726791
-72268789
70957652
99877203
-70401279
-81098383
84964824
-96124412
3297285
8127753
-64377287
11874548
94290439
-70510601
10024389
-79403672
82950976
14195409
14039414
-92659151
84434446
17969726
-57118769
93839110
-69414002
96428709
84243668
-83621666
62233940
7441609
17365593
-29998960
79541812
-83933094
1607508
-80080589
-52123945
97712318
-94680291
-7764547
44799998
41273486
-70154206
33356039
12619149
-17600666
-60888503
-99446555
-43041824
-60589395
15618707
34955277
-27986865
28149535
-46561121
-22198477
6555377
53211865
48702639
9043163
22494400
-48801957
4339043
40208931
89496940
-53562806
-42020492
-94094150
693392
-82243234
40915200
22695468
-45229407
-95584244
-85678641
5805508
60714163
-85102123
43841014
-32273125
15614921
6639810
-27028355
-5319416
49783296
20426271
72635492
87861478
-53169679
20093870
-15920287
8932597
50706379
-59102145
-79958969
-12934931
-8118920
13531147
71000462
64396277
-49421480
-42787562
11383843
58819027
-71662671
-85847159
-65907262
-90724464
64799935
-64948903
90819347
-90337031
72942001
9774190
-34054736
-30558038
-67313764
98978142
-31624719
95643607
23086616
-41860862
74436374
45401714
-43082633
88397398
74097430
-74871480
19170723
34318549
-16693829
80720905
-12057043
36130829
-84291817
31636534
53760895
42564196
80883610
-41471998
42900183
12384471
-12978117
-21597816
33075106
7619766
59662269
-89727585
47593580
10878333
-17426908
-66298493
69493884
5483452
26175304
91243727
5159946
32404603
-74624082
36036094
82292384
54835715
-62897190
46440125
59757396
-32491398
-9121132
-37960525
-9545729
28812618
-24923370
-21999312
21730172
-94261946
81647238
31450655
74442921
96904048
-74030099
78651504
30506495
-28562252
35537728
-66990053
-22954591
-9724250
-65124057
49373115
-73706124
43559748
52588542
97791588
-79441018
-80830836
-96224582
-11719104
66305741
36997145
39342142
-66366950
20952026
-90869593
21111667
76479533
73418270
94921422
27525339
-75199595
-3258964
48971794
85930373
69300823
-48247068
-74543750
-40405531
-17515134
-50168548
-78849509
-2138795
39976816
94168416
-13360273
-93130679
24997254
-9142709
-79915159
-97255323
-38616883
55044664
61613796
-71309041
40614307
-57549602
-67761542
61259507
59419825
85411263
82994972
71488126
25333993
-20005466
77728076
-60185753
-64084483
46589777
7674466
-99191700
78030298
67094347
86778616
45501208
-11469108
-36157400
99239657
18260541
-78648159
-93125041
1838648
30445824
26798984
-74538537
-84732159
47262341
46710132
4519306
-27321187
-67834159
88936123
57814939
29292773
-18661268
5435249
-50562319
-9406565
18421423
-37981884
-28501477
-62982500
-67146197
-3342542
81398196
-49629005
-80238308
55229140
65472151
-20471142
7260999
-95770719
50511856
38208669
12504690
-25322085
14613885
-31590902
74053964
24131603
52285169
-84466253
-22288577
-53609148
80725474
86496359
23763519
-23084469
65505475
-44168330
94541555
30245943
97262939
95380930
-21572940
-48829393
-483487
-51939680
81649874
-26208412
77849080
-8239085
16718302
-55497428
-11923233
-23841323
2666719
24222387
-69140137
-65234020
-52611229
11479401
-32103259
-82068912
-10863821
30536922
-72545758
-37447519
84384603
-56802768
53221781
29506270
-84996783
-19013655
-43911643
-43991415
51676421
-79604512
97357391
-47687641
17267071
-96741937
-27285522
11397064
-40481839
-82297438
40216589
46397315
-17562779
-10598199
51361929
-81386292
3702249
-24926868
82947502
63409633
-24220771
56484091
-48782823
88479716
90437509
11549990
73578336
92884908
-15014668
-75848891
81123671
41078964
27261990
-6216963
-78959201
-60758894
-97278878
-24856389
-51080660
91377659
-44916742
-84450684
-32487694
21181264
94473896
-33234945
-16280225
19817070
-23102975
67249721
48499207
-55789150
-10050695
-42664265
76890634
-63429285
7807687
-75850653
-44092605
92469901
17219583
90291396
-4814913
93613018
27964283
-11769904
-43688702
-28186913
-63314880
74454276
94796533
-14888366
-31890116
-89132563
24622380
77639284
94884110
80132567
27653456
-58393855
-94510686
76925584
-2872023
11824456
14528039
17546991
48799612
-26550573
-86049544
51364077
52977181
48005666
70001210
91796994
-17127396
70422056
46378452
31990420
79005871
46115437
-48897759
-70556329
25421152
41111295
-59435360
-71194590
-67398589
-92160946
2797246
-14957443
32555060
-79945740
-89007000
-19827392
63804077
83627674
-39104439
-55064183
-36603200
-17911992
15407867
-72306960
55876240
5774251
-89030150
22388794
-93456347
-96845563
6807605
45534807
-65422465
-80978474
-99103116
-5257313
30781620
57118886
21783935
-57951984
57822333
-1659447
10568537
20825101
635691
85053291
9947449
-38161950
39803898
60009109
57869463
-96871343
17750703
-83494385
52098101
-74053905
27957364
88502772
-33793832
-61753524
77530080
76667583
50785568
27816615
-54366557
28685091
50839600
-44807391
-78278865
-74572570
87132004
-15637738
-10075467
47425075
72336611
-64594752
71909323
-26757394
-28909565
5659812
-74624425
28900016
-72409418
-50563954
-94883076
60387118
-51497800
-83536482
38157397
-39206619
77890734
59032052
1703062
27593892
52970865
45077475
-43526223
78760647
16772483
62375732
-59096541
99802832
-55065684
29838853
-25523012
11073600
-75354678
65074885
44689659
-6287029
-89574983
-72842672
24013162
37399974
-55277701
23504435
-31522300
-62327716
-55384858
48374193
-22916038
-542540
-34985498
33743957
436578
-70987196
10276585
-90620036
-56559765
71241897
-76045550
97562991
84293430
86282861
94641605
30129182
-65464694
79724372
6995531
-53908653
-2475331
63875175
79820617
49859844
56357246
-25357103
-84127017
98173715
-36709820
-83041801
81468071
67948454
-86417641
97114062
895228
-17782718
50632006
96209550
-7643398
58606772
-10935386
47730829
-30254148
-86504006
83976178
28017775
-16596284
30602415
-23297703
-72241790
-32356946
56606204
91508027
-18550639
-984710
29311900
25976147
-64029087
35357526
96153244
95451955
52764444
41812857
-51488647
-4391063
-81434659
-93717951
73265045
93441800
-85664600
26126146
1999001
33917487
62985961
-80487025
-22079976
-7086387
97039471
-77245664
-33019426
5422186
89734738
-16224605
40262594
2291742
72186973
-18100236
7922495
-21693116
-89970459
-50710092
-22830388
-86942236
25342184
-80884553
-14815772
-35805848
41848710
-59829919
-57446673
-6686139
-30261598
1302389
-54950592
-9232721
34768607
-21121593
-11342867
75633909
-53039207
-14901393
43792696
51764332
-71250507
-265606
81465992
58722144
-28320383
-94656724
37251373
-89202929
67490825
-3492068
-34729851
58672797
-30825515
-53447763
-73577143
-54853486
20048877
45222421
73426608
65238025
16475110
67420819
9120312
83790115
-41105289
-86007770
-8956312
26645413
61175813
-84176114
43738526
65298582
-59616482
49770426
-59539409
-50403813
-11534876
60891856
-67444493
-16313763
6753656
65927360
12299338
-34139988
-82065526
-68040026
31193256
34619986
-3111403
58345432
66445234
42064568
64332244
47118338
-26104296
-27787970
-3725917
14685302
53464144
57594791
-72079111
-33183077
-99906803
4559485
78094983
740014
-82752346
-41661464
12207636
27389269
-20787139
-69485921
-95794770
-37533338
98595721
-77470998
52469951
33825035
76532856
-76683532
-9201312
-23643670
-88905049
90279393
-27870802
62998791
15365660
-27769230
-32048622
61499874
-58981723
30086157
91187098
21549866
-99381131
42149472
-88679723
-77349945
6499437
-48248574
-60628205
-7466668
19434208
-64768390
-88937383
49667837
-98239701
-52736954
60104748
48044097
-91245767
23265792
38277884
-73846017
-19903712
84357659
71045231
61884377
-42745096
8330312
35857453
-65659218
-44815800
-27867273
38464465
11755093
-78127654
-85375569
-36380392
26015621
-47125574
31023183
47504109
62947872
-80191809
-73270690
-94548115
-10641833
-16375678
75172934
-28611887
-16548807
28824789
22123098
-6212215
-21754189
-90740628
88140585
-98050109
2246987
-52808031
98872936
-98152593
84351241
91851797
44023620
49188180
33921408
97939935
93798923
95254612
-49002249
-56041847
-61598269
85567935
31662138
-88760446
-40267559
-26890337
-760838
-2743541
-77746490
19408789
20041636
-81891268
25887123
14869123
60566645
-13955456
65833661
-92674463
1782171
72028416
-75108982
-20064519
-91244659
-72313371
55602719
92088020
-19597191
-28260223
-67977381
-79972643
26253614
-65722015
-51827515
87943495
-23392281
88054473
52832419
-13523614
73090538
71434083
90282097
-74608922
-23124741
-15563211
90168381
12524233
-86168012
30610250
27613420
89852495
45156043
79511717
50316627
-5682783
99167551
8144654
-17337733
-14540833
48963925
15976151
-76609356
-53448558
69405390
79609255
-31000359
37222324
-97857078
-65102474
88596848
-2289451
-96833316
89697912
75374894
-72401487
-38077313
-99381382
68402538
-34345564
98637343
23530581
49184250
73714717
95401279
39219316
40202989
52193001
-92146548
-53862631
-97858229
90066209
22089896
71669062
-57864982
87621899
-45745235
-71059511
-65359427
-69898875
59502380
-41014671
11714326
-53409093
-76435131
-33277049
18649190
-39655589
-59684097
77662354
13466503
-88500550
67330010
-65312553
8399313
-2340402
59340555
92880547
-90186646
77768058
61918546
-43787370
-67758572
-11979774
50582509
48656537
66590004
-62288259
87921748
34684028
-76494896
-36102412
88412420
-53902614
99244766
-95740922
97039776
-81590248
44693729
-79404811
-51884485
-38065432
4720782
-35176469
97046682
-10620180
-47038880
-52227782
-36791101
89825064
-62442673
60910696
65604440
10994458
-84144740
7299615
-88984242
-61953358
76977543
-85511811
-82820694
-81391052
-8445739
-28448990
-80377245
21668364
-3306624
-1933473
80159026
41772668
6628219
62709278
22211499
25938729
21150832
41870028
-58402309
-13694418
-72018711
-50268422
-35109
72640587
-38392698
52923418
87502811
-79022628
-67783114
-2602466
59214751
-49483428
-74555522
-51753228
21323508
12755436
95020777
59930350
57413779
-46553277
77131288
97085287
57547233
71808377
9901306
23492563
-57843757
-77915711
-13225844
-6604278
63078802
6201119
-40958392
96708486
-78202222
23539406
-10212816
5016184
36524846
22013595
-80755510
16324014
-45876445
-98267777
-66991711
-70342926
38032322
-11774486
-41111166
61114255
33892912
86079551
10821069
20202347
-93330866
-21510835
-79341533
-16445544
-30566688
-27471086
95603103
62142161
-62128984
46366000
-73615150
71430739
-33877085
86748803
-44448034
35733695
60390835
-80319769
35794145
-95143718
80891094
32034687
69524013
-73415025
-20277926
-97514694
-57808428
61093598
51505441
-46913686
51003099
-42899745
85323918
41706221
34875670
50361804
62866722
-92290322
68009442
53470330
-18006034
-61407390
-19865148
-47940173
94327894
39910430
18414209
79642786
-48199112
29861303
73823228
-28700737
-61635949
-14777666
-75236640
-34130480
45607748
42481547
-42676300
99335698
-55575255
-71521790
-88050029
-70162245
-55432046
-94381362
-16122580
-21224399
7431328
-69539797
-61238060
59599696
-53278735
-49890744
37645355
-50982633
-80836672
69829389
6327472
-914413
45993619
-4833025
-47585018
99735477
-9511944
55544015
27996063
-33129712
89134191
56844395
24946296
-91625688
545225
-28566612
-90547241
8610389
-86240683
46526304
50044398
-64842972
64958846
-56129044
-88125524
59732923
-51389544
15009159
-50724167
-83944474
-56558223
47509413
-63778237
77249006
-3037386
70739042
35913974
-8290381
54652244
-22904780
73995294
65168253
24873210
-77350380
-56545292
5203169
-49359662
13483714
55380200
-77286555
-73219738
35100489
-29972676
-62145417
8287992
70456022
-68060875
-53234232
-38062430
28403852
3713755
79988950
9429377
53838756
11660404
-31226199
-18731124
-74123283
-43830416
80340809
61544261
16181272
-93813025
86608042
67747177
95897464
74018495
-24763626
-99705125
-4905087
-28411896
-8697759
-7669882
29136406
-20063555
-91420007
37954255
-15022144
-68376649
-75368936
-50000077
14804033
-59056969
-88079858
-71004289
57200296
51652053
-48993507
30460619
1777181
-85443450
75047782
10371185
44158983
-70349855
65403519
-15868650
30051128
67470930
74670177
14967523
-75641132
99441259
95846946
64352936
-64452571
4556635
34349729
53589595
-5784454
-35635483
-30108947
92377567
68769711
-73924391
46177939
71035245
74031541
-26774870
96092206
-57601037
2791026
-66723352
67960628
59318890
63045928
89989986
-60054743
67754145
65225145
-4676630
-49274654
47921103
-85969241
27668177
69774455
9553499
25905037
26095242
225192
-6593466
9437173
87766267
79864164
-53575507
68924555
68051222
-5394630
70372055
-33890959
-16203893
56300590
-5908827
-58399111
32858500
-17293220
30291486
-83625282
-64578336
81930184
39298439
3949845
-4349588
-39641337
55499405
-15446772
-32034469
70623275
-92432422
95841553
-79769108
-2640009
73764208
61421102
39320564
14144414
28665646
91202456
-62294772
-43593153
13445605
59611111
-31631696
-29278666
-49146602
10434413
-20066587
-38921173
8279919
-593758
7006230
11054449
11956426
-51838079
41739550
-88206887
-71205410
8939763
-28153056
7255358
93413148
-13709745
-61059426
52838492
73969643
-75532612
-57087334
82508779
-24161804
-61315161
6781145
44211730
89551497
-53142902
35412778
4470617
37791030
-17888459
-32352175
1789986
14294164
-79094730
78745696
-61612065
-23104389
-91345805
-71877183
-51060323
72617317
98085727
6401054
-80597033
-39135616
14231034
31711534
-92549009
95219790
49244045
51535658
41967447
-94669000
93583636
-91712814
7421637
-48588932
-22306661
-72999054
-51849652
-63449666
2752887
26434049
53546435
-57725319
17441077
11306820
-13055771
-78843295
11435922
-43489770
63250202
-65911446
-58367422
-307734
50427974
-75900894
-76300995
19530212
38754481
-8927105
-36524335
15110142
63003572
90707482
57682745
6444276
25658189
79243981
-95661635
45977671
79170222
90366001
-36552353
-26327734
-2788547
86982392
-35858342
-35137086
-1676891
96852447
72038540
-95803290
-23436561
-66533166
57977153
66510598
50337215
-56895422
6310681
-72870358
55973989
-87333428
-95244759
94428469
73428967
85081858
-90239368
74211147
47576052
-59868862
90341611
15742953
-77088488
-28494867
41683072
80806600
-38413466
77573856
-66896476
-55438100
-56262449
-98347152
48080215
63914784
26681318
56283623
6243482
18971112
83852127
-84473125
-27341347
-20570806
24543481
-96582397
-85470986
-35387489
14460711
74683188
9259474
-28502452
-82555827
75034940
38965472
-93083410
29308767
-97117599
-77220106
82902231
73088588
-40198110
-5549971
17595670
-82217736
34282544
40774606
-61091023
-57769086
82848466
20028208
-87014866
-93629408
-17451277
56814046
-97049405
41013441
-53410934
78838309
-86967766
96630482
-41846952
-94622878
18746496
-3040423
-26315221
88622670
-93942150
30467830
26828690
14248698
91646015
-48426988
-35527233
87276704
39175839
-41020499
-62147455
71527168
-50927177
-78806396
-52027562
-78485343
-62402761
24946078
23547731
-37570075
71208326
-74008719
39348553
-59413432
-86051946
94160099
16353438
-81615715
-44969562
58831714
-52863539
87304544
13028325
-55593370
-46235296
-66341079
68553528
15444084
-17495102
-27344412
75789503
-51139289
84175946
-59266357
-311179
98843964
-45399723
93959140
-89792306
51168232
-71548737
84856143
-12332377
33965988
-99769959
-75717537
46173166
-58909008
6610466
-75654263
41185213
79540047
-50952461
62503346
67570777
64304161
11820105
-6272398
-37470913
-14520608
35473726
-54074162
-35319779
-7517860
30077269
51582358
-11934817
97856639
87890729
43166938
44044955
37556213
-57372872
-48936390
42151151
-3502534
33950509
-803602
-22102842
43241664
688824
8583828
-46491370
1340732
41223467
-26385414
19114670
25756625
-55413699
-66369766
-73029992
57337718
22134658
-53235804
15279231
-51815893
3770210
94902956
-87207667
-23173414
-61880322
99852727
79026758
-23649645
-39882292
-72403715
84904675
66320704
63705211
-19230265
-53193548
-12017951
20889852
-17835488
-91876382
-80735625
25975321
-28763848
84024336
29787811
-31296775
61708187
-89240364
97361001
-96034444
-3053486
-66366464
-59496556
91340027
-12109578
93930204
93120150
-57084341
66397181
11267624
83758839
17061108
67933329
-15769275
31938009
19910551
25837155
-61073156
-44961475
92846811
96745521
31805427
20574003
31875562
80003026
82243020
86158427
-88945541
32998010
-50952910
96522117
74939162
-6034224
69922227
-60915398
27811869
60802656
72312456
-2838095
-72671997
-75356982
-81130270
52149668
88716895
86161135
18271498
-52761613
-35209268
-1991038
58687858
-80445910
22547490
-31197014
-21560903
-67915043
-41689476
21186901
54287108
39674076
11118940
64484812
-85592972
74647917
-32060746
73660424
89760807
-94087562
42402720
-34924274
27238915
74430256
29928991
-33939625
-37821164
-5521119
-25589786
-22333514
-90179422
-85965512
38110813
-41428278
-10268041
9280677
95040984
-10845742
-29748509
43812735
-90473874
72101434
-93157436
60936195
59443554
-13827428
16992815
-12903133
78011777
24217066
-60699212
64657098
-53079153
57451096
77481383
-65041342
-27315128
-17123821
-3405559
9644313
-47865040
76674184
-83699018
-18711629
19124190
-89993689
72135524
24927498
-64687735
85136354
-1975378
24055236
-40742556
-23090359
-21950716
-60266200
-37549166
55159248
68034619
14579315
-3423256
-3897505
98022285
-39897849
21415605
-31427518
37738691
68726117
-63605225
-20772422
-71967545
75213529
-60488360
-72052215
79256858
-70420604
-62801430
-65155446
85159832
-41081168
85581929
-97794473
-76305194
-45258942
-19567884
-80158820
-47236244
41948431
-50638054
-62348313
46793650
78801522
-33753309
-56516461
35622210
83296842
8844235
75144250
-48126534
-92475232
3209438
55737198
-74424863
32174713
63518503
-1942055
95679859
-98780180
-60334806
-53647536
-61076658
91768104
65967889
96790336
-21767077
-90446977
-1667422
51657830
55384016
-9394641
43145462
-16527725
8118816
-40109089
-65179224
81377308
76110655
8138581
73896665
3331979
30378763
48348003
-51802864
3170619
73017087
-78005706
-44674803
-47001042
-8843806
-75292064
36985264
-90080931
31828656
83612997
-12975898
25572297
75440279
-51419632
2881300
-36735589
90609106
-9448084
80008624
-50961873
-33145165
-90580207
96161200
-62957149
55761083
14210474
70734363
-85138758
62474375
-89655665
-50630420
97938421
10144999
51257793
-16674566
-36159356
1789893
-46936605
-39417371
-44531909
-72182551
-27877193
-7008672
53397905
-58595535
36893123
26777562
35938436
-46488898
-25974344
-52139260
89277930
30057498
-96131144
7565970
-72608533
2664477
83649759
27089017
60360304
-56823721
70962211
51777642
38077939
-44083907
47525877
-56438928
-80660671
66376601
30127696
96579819
48135041
-38810997
47576333
-14328417
11059801
1783085
87638596
-78485910
-38103326
4436875
43117815
-91432958
-13494038
-78739689
-22110267
-41655978
-67317596
11142724
-72564432
13388521
-54488392
-17388228
-87213689
93369355
-88993931
-61403876
36757815
-41539002
-40302150
-76167582
42162551
69624010
33109528
22532851
21278510
-88412457
55854559
89765501
-36510306
8631684
99904969
-72462637
-6012421
-89467032
-26351719
-40225324
-88008219
56886059
89572406
39418731
-6957668
61762135
47860262
-23666864
-8396072
63313914
27214430
45954220
55057483
-88108032
80051094
-10922136
82892674
-6847165
-19885290
-42514939
-13786900
-76433391
-93146412
52544540
-23807346
77468981
51162933
-87255232
54670080
-90375919
-61086184
-15227063
-628750
19676994
79605883
97323402
-24037987
-35482727
79013643
59338100
95126744
88068911
-7009791
80149526
-57130945
-26398734
-88662115
-55736790
95426342
45860203
10016985
-92652897
40183435
-19627356
86380337
-19387958
12672922
64207358
-19424320
-55512224
-44791401
-49441894
-33314171
-86701658
-98954566
-36335989
96518310
56578117
-62028686
98710194
-25507177
50372387
-25241505
51379600
-36159074
57684508
-26251461
51667606
60744356
-85412826
3133407
-63169982
80100337
-23594155
49606784
30673972
97346184
19322887
-16976023
-34797995
45273999
-13220462
66845609
89812477
5415117
72960500
-15944898
-13797095
84129974
-95409795
-71812829
87835579
-40146640
94304449
22798802
-49689332
32804744
26896027
49386202
8811741
46006628
22722924
38106718
49232610
-1970102
-57376548
49191367
25336867
-59527705
-10793861
56222240
-25597317
-12419732
-18441497
-59467963
-111297
17510783
-42291864
-77528717
-85613869
-98509978
-8839084
-76494237
2000287
99624019
-49770751
60194920
-41045939
-72396941
34983778
21825425
-13501029
-84130217
92007914
4875620
20218204
-66466189
11900989
-16466392
-31682575
-38948009
-94603206
-90733414
-13538137
53298024
-44655056
70001212
23709030
24473224
-39034418
-8421767
72669983
83146780
-86331082
16801166
-27312913
96740059
43182070
-50481828
13075748
55078846
-39218205
98287294
9841300
89310414
60049571
90798258
56946923
-27996484
28466502
-4330919
17095996
93879920
-81292090
5388895
71174151
86622428
78589311
-90811716
-26606544
-86952003
90855512
-669849
-47827396
-58197164
62108670
75656664
14309506
49522410
-67000025
-27355280
-30976273
1006225
2170618
-87260120
-50121173
-99293744
-52244150
74919224
20657329
15816248
78703858
94012602
-36828634
-72436124
77533063
80954641
-31008356
-20432083
70530696
24669526
-47859013
-93820248
-70091473
-2422809
-30489831
45696378
89538465
22822798
60383882
55620349
-72748470
-7449684
29161016
41379745
-99964561
-18997369
32407830
-87555322
-90372126
87346814
-11776959
-39957996
58084889
-48787391
-19554942
30081162
-60693309
-17899198
-2342107
-81566752
83543843
84522291
-98141921
67289002
-29522304
17269149
-50523701
86600111
-52540326
-53632678
-16609260
47398056
65121165
46815515
-65142739
-95107701
13069850
87559721
-59899730
90552383
61690126
49213913
-13350696
9204069
-22748974
-47828586
-56660924
71034749
-83472553
95251494
11031349
-61083282
90079352
56926751
-28332812
60659162
-9480940
77028386
-69225339
-38233526
-23591142
-37050274
61920445
42618096
10900290
-55906287
-50194454
-8446420
-74148056
73092624
96669787
-5944946
62837879
22542797
49872110
-20304886
-59892963
-63390824
-37979652
5632173
58934618
-30648412
-75532946
-15259276
7927509
73281908
26916633
83732743
-30260359
29086469
-63477104
-3030824
-26792577
-73442257
-79681478
-88566053
-24913882
-97197898
-43683167
80561549
-46477214
65338675
31012761
-5054091
-39555877
-27417249
54056095
4688859
93801238
8493406
3077954
-30425715
50163982
40254558
-92058414
83389915
28964428
-41848282
-6647957
12055432
17143145
75275960
-98416139
85996762
20726206
87683066
96463634
50486091
-54553326
9791881
-70008809
63205814
-31760825
89453572
-22686372
94298323
-25337569
83370767
51779495
-52276534
-35788688
22058830
56217273
-82309762
94014409
40134470
9204469
30732527
27706727
-62367326
-22930194
-62887228
976597
92518351
14352206
85713317
6225632
4880383
91130731
-63698483
12660105
70656145
5237692
64020699
97793074
-57126541
49598097
-87923385
-90066676
-64082019
-37330208
67438435
-98334918
85386200
-32609780
-86199473
54744532
-86585320
38070451
-62129509
21661968
11059675
46947286
59888494
80901671
6922031
85072320
14079906
-44977737
-73304595
39747596
26290895
-36125193
24640626
2375675
22200678
8278743
49986965
-80352411
-10141203
-89069991
-70873293
99272419
72018996
-74182201
-8933270
50934348
16741786
59146770
81022285
41351110
54353118
-12256433
89043074
16928011
65099431
-83509032
62310079
56601768
-69234192
-43755276
70263393
6974581
-90137731
-61618792
87418392
78654523
17450917
47918140
-98110181
71654073
-56858611
71575024
-7029332
-29576374
-59411333
22067813
-30620254
12001329
-2577731
41569320
23333051
60168419
-85158724
56547188
43795548
-12502828
-36423990
28027532
-82639067
90419895
-86792861
-77189277
72106686
54101944
-97720865
48636336
-38743422
-73073674
77386145
-26351135
85979905
22660975
-90125371
-78329110
-89910298
26012888
71380848
-35594717
56956359
93527821
-17413021
-37233122
-40871124
44971448
-79350064
-93330413
67966390
-34442324
-28545604
-62263991
12309010
-61352446
-15947620
13340104
-25954976
38017893
-38634200
-12131643
52828767
-31338046
84333630
-54438057
6519533
-69041521
46122676
-52253276
-13347720
-77222323
55253041
2139391
-28906574
-40400849
88320574
85294886
80157799
-19913142
57968562
-61885883
19211949
-65145999
-36044660
-22308243
71001265
46405371
-61683386
-58650372
-33335978
-75169058
43476782
67897794
28864219
-25362156
-1336852
29587769
-32319297
61282978
38560055
26695878
-90160229
-69948675
84282394
24366033
-961054
-19330939
-3329062
51088557
80585399
-51585757
-35804739
-79007830
-31051835
48783712
44019248
-39232042
10099056
-31343758
-25471759
-14575116
34754438
61851313
-55735092
40558750
-98016331
7943475
60373425
-26025094
-18421406
-88190593
-4221728
-88121447
-39408820
-54010915
-78053376
84857975
-83354131
-62713691
22505872
17447293
96396744
41251762
7188958
-80671494
-78153521
-11862357
-94518785
23088017
52468579
-79585852
-91195998
48060272
28328360
35446040
-75111620
3869817
-96418901
-10583305
-67434336
13474825
-97483549
24616046
-14740369
-10176962
39766540
93164208
53560560
39457353
-12255288
90873494
-73225321
51958357
44931167
-36175867
37873285
-30910476
-94338361
-89506429
-2008859
75361308
-6323285
-20351721
-31655459
13483216
-77499444
77458608
-67694407
16128817
13329289
8375448
4293860
59804609
-43559785
55901560
-84693952
-8990637
20597002
34771783
16643602
2287124
-92395951
83854808
-35350017
-20355771
-3675662
87484896
32628560
-96223111
-82935198
95639447
78207907
-73529476
-83130008
99362885
-4609663
97883481
-88312051
54319416
-97535449
60333724
-73182465
66125743
2135286
-85169168
6149102
-794810
35217487
61790757
91449816
-44862698
79810398
28953036
5393393
-20058575
96041907
-30667107
-18177803
83833802
15841260
-93761275
30714683
32340178
72845497
-25880636
-4410628
-17383036
68606804
25647793
-40797045
36336787
-84770106
-65058851
-69171520
-98733752
-58920064
-43379628
38692312
-88852616
-19898903
57855723
64890218
-77724748
-79994858
35679468
48059820
27147458
43843262
-37643719
31576456
66798983
-74754953
8350527
-29963268
6760990
-83806585
47174673
-57162678
-75998241
20198517
-84024350
85636047
-31950639
-50481730
87956148
-54809526
77379142
63017175
21785663
62354036
-69663625
62992258
-33293639
53764382
-23572578
12601096
60157074
-72730246
-60776529
2870331
-47118258
89918766
-62458246
13431607
51028722
79562422
-9514682
-52903531
-19280628
54891274
-76782070
90988192
28458231
-89863811
-93744649
4401891
-47148864
-87634622
59329616
-10906495
50126581
-14870398
-20630951
-29255870
-5409688
-71655525
43136471
-3461295
-90735727
-74195572
-36194149
27808579
-97036876
-10041980
4506843
2648552
-98725034
62471861
-82642919
-6684564
320144
43569942
-40098130
-70991203
73781002
90091440
41183794
50320248
64689407
97522104
36431419
4707825
-39522163
-95637211
83136065
45363299
-43371224
88704985
12560214
-48177264
-17884490
94531862
31639025
-26204711
-47022278
81366155
16259221
76061525
38911779
58236083
64441857
-29635217
30130293
12000163
-44670033
-99776140
10638554
-94098827
97224010
1183348
20214796
48374031
34414326
-49655651
55507303
63439887
77879200
27756232
-42368985
-65552909
-59597748
66933038
87776079
-1532288
95098769
37104167
1016053
61181002
33395739
-25229742
74318263
10332049
44317059
-20173472
35432936
-62563293
65676813
-41323047
87729700
-97146076
-35557066
-36748032
32431574
-58347215
-64819638
-73980940
-14422488
32648323
72658160
-17097000
24482347
-69491996
13661274
-52264925
71029120
7833855
-9552595
78435089
-41018718
25815206
-75300699
35738723
-44647138
-78405988
-1312969
-65952102
97201761
9473532
27829653
56448724
47760810
7863498
-10197020
95072045
33527126
-53841899
-36117528
-57191077
-87297369
-47123335
7768044
-31487222
-41487016
-58219434
24273917
-76393543
83006233
4421550
89430110
-11966126
-52629576
-97496597
61087753
-27516278
47282944
71185955
5435859
33585990
30421897
-4020753
-41787822
47501198
-42052733
-11833161
71925789
37346184
60277199
79013879
-15726719
51038591
38664470
-7677264
31867700
-33303260
-65151470
16025427
-85232275
-56604099
85121779
75915987
-92835788
-75326752
-92235635
60238263
-29671404
-89570610
32675273
51604564
-40621506
52962493
-66532226
-44771078
-11316792
54843969
-53435694
11879813
-57710887
32577719
-17941939
58919975
98845641
-54236663
-3253323
-78686676
15725804
18898027
15489605
-81463115
-14219535
41137430
-19775678
27278947
95749961
90666439
-83409800
45081131
99616171
90633875
18627033
-46930241
17782179
77152491
37047860
-33485369
78434570
-45728979
-56022423
-23532421
-91825873
91178396
86911769
84973693
-26433861
54266058
-51958788
11227123
18099481
-18111875
-4775595
-82121501
41297455
77620339
95908833
-18583198
87858940
-61082243
87460849
-61053535
36457266
91317458
32272695
-87628453
-59141168
96696422
88596722
16471014
-50297450
-10147826
-27289732
-95254153
53261821
21735786
33847705
64832723
705633
14676519
6695612
28889504
53558082
32096142
-82257160
5172377
-60260083
36798438
90470444
86166592
-9406896
87582964
-71849551
-66966439
97977096
19108044
90141656
-89763767
53438479
-4598987
-23380660
47188719
96951951
19718364
12006513
-98306592
30411566
-60736221
-66494461
60655495
-10562201
86754167
-28245245
-95351567
-5624508
24221276
289608
47380208
69085139
-54863176
8993571
23792070
65242720
69152665
-13877689
-64990029
-31335950
17902054
26632778
11001687
-86884659
96504336
6095581
90345019
-27839409
-40678956
67158909
70678548
62816738
11475090
-32525232
85440956
-65338855
-8130933
-78381193
-95692523
77084301
-80736018
-94484076
40663082
-59020870
-37407133
-73652956
30736546
33972141
-95039230
-98052869
-20894688
-22063838
-30551571
-41906185
94710608
77843319
4696985
677745
90119212
96306193
-70371735
-19200811
25776517
-20641819
-82102228
-76707974
75688606
51456869
93083065
69820376
41080100
-76319059
56377154
74189610
94409907
68016988
43262509
79617496
-68627140
-53476541
5756668
15581949
-76982498
-59682468
-30829659
35837057
-84523930
-85749811
-78027672
-58142903
49006787
-49704357
-41317382
-90263430
-64033062
-65448884
53415062
-34263239
-30091545
-26768639
82171509
-75019311
-9474332
98904824
32355610
-94987907
-86080756
-60602164
-15574851
-51080904
-90618278
-7955326
-77076791
-13375624
81675723
14613254
28765852
19115402
-21748744
34009608
54818202
-52277352
50444497
-55348444
-30304059
16996839
-75352386
59650328
86543375
61847592
66935725
-74543812
-26869891
-62492460
-23064913
-18919027
-86999141
87795640
-16648988
-79768656
-31779533
42044288
-95929950
-96791741
93210598
68249345
49334854
-61978110
16448322
51361026
-93471456
72756988
-67578830
90680538
-20014250
-50711094
-58360827
34901033
-46335723
40461030
36358176
-26938463
52205828
-7032885
49701369
-348186
93738781
-62227651
64120521
65699363
95502394
62718778
93793819
6624952
-43343267
95133501
99570183
99757269
-34685890
48069771
-86098971
41651790
-23560240
-57254855
-908601
83684151
-61212084
86316500
35433834
-56609208
-82202410
9708557
78324760
-92020403
18490907
5467524
-78132711
-7820226
50138818
60091164
-36039125
9026714
2324434
18974971
-74651067
31877345
60405587
-43452638
-46005762
-79643420
-85385110
8400636
-88468650
15829145
-54796370
-34274959
63989210
69773586
43376928
-5879607
-38556729
24025195
50128004
28557314
-82668897
-14699932
-3830876
12178547
84236334
-29545329
89847691
35762700
-49160073
17224691
73259690
-36634655
31641241
-67129314
-41663822
73206394
-52675139
72644790
-50892664
91517182
-42874165
-1002671
68929775
76166302
-15981733
-50204017
28077460
56596792
32684279
90897814
71969139
-57775268
-73439585
-69044583
-33519724
-475729
12189638
-90982960
-20678402
72744804
53491324
-69601443
-59841725
93681493
15464520
78000467
44930877
-66408295
-70289096
70562195
45730829
-45762195
-96746773
42983397
-51555754
-13029649
-56091266
14233269
9750456
-31739540
-33862543
-20737883
-71936645
-58459667
80685393
-94670366
434696
-57344440
63663559
-82221833
51895000
-69759798
31180960
5024748
-79338029
-94988217
-68248215
93057391
39341962
-15630859
51379105
-11032973
65856313
-38178329
-86100019
-27976100
-62833625
-89705532
-22057335
-7174818
-35644782
-25556801
-17966607
-14218223
-90200151
54925336
-85013766
-31291817
4630795
-87927608
21424358
7081610
-74871659
3783173
43056158
44488040
88046084
7132988
15566670
-66094325
-42087701
66990198
-74959339
-19881031
-39387121
-48062326
-12818946
-25621552
-70608591
-41362199
97594511
79830211
-31212530
32365910
-93802897
94804589
-69283309
31390773
9375948
20216761
6954367
41077807
-98937175
-8435085
67473087
85827115
-60548101
14764763
81098126
-75841148
-45213843
52299471
-83623090
15201258
54995482
-85973563
-3434692
61746727
47147319
77390499
-38403808
85980827
91566411
96483664
-87139270
55071391
-4268310
-86691677
-44503136
87391880
62264981
-28513391
-63250214
76945172
-64673126
-37806631
-83269877
-46737716
-25077626
63315753
-67948681
-50101496
41900419
73127673
-75820935
-71781812
-60887751
95800103
24746235
-5643271
49426815
-11472755
28446173
97539583
64936209
-1947883
-87585579
-36703784
-91744427
-73954099
-57451970
-73561425
99824392
54615330
70579010
-8238502
-79203929
-93783162
-39477382
87028495
-32354738
-98227641
-70428105
88718879
-39314042
43364261
7140515
-97825194
-4966491
-5446776
-60028488
-96763554
-42304836
-27545849
-52736700
-51388458
58343662
-31055733
-12940702
-45451555
-87824094
-47867411
-77463368
53112618
-13174498
68288272
-63203210
-34215918
17227771
94279030
-12436081
-93764975
88089523
26039591
-93321194
-18254873
-9022041
-18449368
90428704
33324091
-7376752
76584110
34393572
28614025
-5162426
-30322145
49610912
78461928
-33594776
-55717601
72085132
80215832
97030013
21675920
85653823
-71437536
-46046182
-78215089
41518697
16160964
4499077
-21217069
84421184
93765494
13219946
-3485489
-26385847
26905143
-94318164
97398018
73859667
36618700
20645365
35690010
2203107
-19273879
7342129
-7614587
-70778586
-72409653
-71335296
-50650462
64535533
47348836
-89533616
13801367
87834062
51397687
27185002
31742073
-34080250
65082875
-93606733
7629076
-17840284
-43722507
2185276
-90009797
60470815
7124222
-45294577
9248899
19611468
-84087269
-85316658
-11913443
12436221
-76114673
89893467
14027607
-72799003
12301244
-42347243
-61960412
47457845
-28934047
-16711639
-13285329
-74721973
6280166
-23849297
-96998128
-5798446
48300826
-51174974
87590455
-10049825
25379254
60883793
12258650
43279173
-40660192
14953749
73930112
-57427334
-4147903
21333290
15129061
-39761863
-85501776
14993021
-37159902
25528207
30305501
33970783
-94201883
34923633
82169629
81068463
38316320
-87127317
88998177
96864164
-61544895
-51190766
-80399709
-54450452
80905594
65420198
34285814
38034017
-42306613
45277113
-17088186
-54574624
-82573766
50215073
-73030744
51573207
92646658
-47725787
-1900158
31861875
88025064
68098372
-78872728
58864434
-17897244
86766065
40521944
-1811984
59821370
-19148800
-38874805
41742321
-42853983
19766172
-93858865
73671596
20465186
91654352
-22161236
-27674678
46190849
83633906
67256
41692200
-45372350
-35098052
77324329
-27845822
-27684295
-47838961
19332930
-50273169
-76960848
-38425567
37698331
4987005
-99610606
32596928
-68745733
-85083860
67551448
9700665
68526301
-71143024
917210
-52626861
-99651814
70084802
-15495485
87862064
29255510
-43163760
-69105487
55959833
33575581
19850352
6934642
-85842100
25146156
-98104287
-59610976
53888188
14282572
82960682
-85648729
36056811
-42464145
-92756427
14939911
17490652
98281769
4916435
66656110
58444239
16118708
63449861
46310839
19081545
67584266
-71140631
-2662175
-58606287
-61153024
88913661
17053839
7565654
36762410
-16305853
83206457
-96179431
-25014798
-95116821
-46329043
9910023
-55122630
-12105742
81744736
-87757256
-825835
-90178249
-90163298
-31067593
60672757
-85365759
-70717304
2765154
-80887548
-64157204
65261074
-88120539
-88579595
-39574532
36244511
81110161
51416563
5409757
83798850
-64265745
11376430
17923310
6506643
-6430631
-2950055
67718771
-28995004
53575987
92100346
80726238
-88403434
93756960
67116388
30603699
-51486478
12449236
5120909
-55387117
73611095
-97356557
-54619633
-54493244
-80298648
-87722690
-22932636
74548717
-22883085
42227761
-5278638
-11541121
8997685
-31242223
-90022451
80732956
-82187751
4148895
5003663
-38504553
25310591
14749042
97714379
29598859
22826822
31347786
84162017
-32196939
63984647
65131946
-20975202
1208959
-75541021
33068629
-60948870
-87830524
-54609506
-54355927
-14652570
42530563
-83298944
23395332
-5369365
-15198354
43871716
25491472
45234105
-66221973
94117438
-453342
-79734231
-60686935
-92036307
-24016144
55457521
33729734
54509854
7198188
21162646
75055124
-27230771
30720662
-16631166
-92051032
67232886
52494260
34705169
-30447661
-4488034
-16221185
-65853898
-74115728
55781945
-93294655
74010731
-76385580
-25591823
-8486072
9445446
74553657
47889896
89394214
62027135
-74780921
-72440694
11448819
-17888497
-3360977
37373449
81760918
5057794
98815314
88790281
-63179462
13008211
-54547652
86318778
30136515
-1798367
-95020441
-28891644
-30862467
17942167
55577528
-4035483
48004969
51754439
-78171779
-30321186
83500508
72901725
77135231
-28092355
-8175310
62737819
-78118444
46427038
-37836872
-15690009
-75666846
-77147181
13539820
1366406
24644531
-69302044
-9789414
-92402880
-45689130
-79768697
21591600
50594822
98575569
-13245034
6367353
84176709
43771205
85053694
-80783474
60747464
39974498
8119994
-19419526
-89865002
-22241893
-48684172
35540942
89333584
-46659486
58091994
-21476970
37183003
60909635
-97662937
-96150809
81188238
89024188
65438002
25438150
-47680385
-43575572
-48516224
99273032
17774838
73165080
35476563
-53082575
96711875
-72229444
31780976
49774178
32238216
-68197830
47347809
-86552827
56546581
-30770884
30990537
-89317591
4414604
-17465568
-24813909
73380884
-12797826
-82986493
-44330914
95499815
-11113043
-39143721
93927794
-28196522
-3155394
-27980548
-75681409
-17926735
-82671823
-96184535
35325827
-89876923
-5763202
81864490
40107223
-76951232
-10839787
35377345
97185671
56572426
-70602745
-34735234
98420612
-94275247
92094732
-577111
77145262
-10061302
-46165765
37380728
-99439025
-17480905
18643203
57887413
435838
60859761
64179148
-44957389
85643295
-1204840
34124280
-96554841
-63631362
10034333
16122900
118235
-89094409
-98019724
-94643604
-50952059
75187226
-79625092
-33685987
28364081
-19810303
-49891138
73971136
88624573
-64040072
55926767
-50662529
-59401666
-57785877
48692898
-93449548
-65233999
61300878
35178139
89716910
-96730259
-80888334
27759287
38491509
-81121597
64034994
83304117
40296887
60100459
-26028581
-23169258
-88731889
52897790
-25858052
31124688
-76095629
-90489823
-84778074
59773858
-43404425
-33464056
-84530490
45773864
-39356059
22280483
75312326
-5035518
44471426
-22330
-60314334
-55338625
79567808
40962268
-47818235
-58909479
-26621873
-1649319
-28256367
-74723508
13027369
19550630
74417372
-59734593
-28232890
56652128
-9355546
-35729919
18592932
-87295633
85234840
61244203
-7073437
-75548270
53858854
60379425
-63486609
-28305049
84436307
70749800
32561615
-60625605
-88550337
10187460
-82174833
-90222673
-849743
-58804620
95471032
-56269867
-66879528
-14049694
-74992447
-54457921
25988957
-88927104
53075051
68313445
-45625378
28364602
88435582
59002102
-6959803
-50472973
-47402224
-77450149
-27363716
92022266
-19105238
51116817
67869439
11199974
-87299880
-29273024
22133798
-14265913
-37162348
-93968034
-63375299
-53765038
4340499
85123956
-30900737
-33436038
-38310801
-23241477
-79043543
-9175190
-57292945
10628101
-39795785
-6629476
-94362321
52060611
82845707
83137058
-94124515
-41977198
-98279057
68806279
-89197000
6004905
-3541232
67902733
28734552
-55481640
92901242
10176548
65859100
-68612234
-93323957
-64467061
95160351
23055083
-45594179
-28748041
34292474
-30844700
57416326
-66748485
81961053
50829539
79305970
75451954
25311539
-19506310
75045356
-49695742
1680707
-12652054
59218732
87497081
-21339821
-51459067
-2187442
41591702
-13928312
-67597197
32531286
81264566
38371555
3603633
-43225126
8070010
-68713613
3196830
-57629475
96855432
-64677762
-99739662
39946445
-12065127
51024008
87453890
38206982
-95680227
67444818
-47136406
44014751
78277620
-48617440
-28842714
-29687973
-21540222
76044225
80806232
14017453
14935593
73450493
83499085
-6370241
22365023
68576570
163351
3475830
38180339
87562774
74878043
94810520
-27341744
71666468
86051231
-84493534
-83920432
60082986
-5187517
35560372
-36085966
-33660060
58587092
-59330636
32112611
86291586
-5793144
71587709
66943503
-95595275
-49761222
89896971
95771882
11765984
-76967821
-24391770
71218913
29604132
-5819758
-62821214
-39652700
-77853102
98623285
67949936
96781401
90629533
40727556
-6183734
39341888
81568054
-436928
85728396
-9721200
-91683330
61630153
61780101
87946512
77079124
35800489
-60595180
-76405288
64779785
-43274705
58674827
78586278
85358905
-26525285
82733831
-80982765
1789689
82043239
-29150083
-7423985
-49863248
79363180
20277760
68915319
-76172740
-21462480
50677240
86333220
44286340
42187777
16455574
-37960739
-99492145
30613129
-36635067
-94006410
-83680640
-61361298
-35930710
95014656
7127010
52835953
-14066603
-38792856
-53207282
27082350
95771263
78590301
-26158514
-55419259
34404218
22834590
-43236472
-47728964
-19058805
25152514
66952501
-49138864
12043655
-85000253
-54685246
-25703593
-24869543
54343499
44922071
-36958689
-8863805
64089759
-88107694
76732880
11138545
-48017581
49216743
-33915046
-10738238
35310638
51060322
-34956058
78466493
97469892
50210029
-45323507
17970343
-39465399
-7176348
-83120538
58101391
14108733
-31575331
58057391
41741589
-59130779
-75107790
-18272998
-56729467
61418091
-52572606
-53706043
-59030222
-83144806
-71018482
-81398187
-79292684
49235323
-86300643
-32341280
60069865
-14811413
673502
-22832011
-31743640
-47282390
-80754221
28390853
63508985
-79388837
49038516
76631322
79257207
56584361
9234785
36782205
86246586
86202816
-25810334
13945184
-33840973
66061014
-79706004
-31572276
-81485780
-3860740
14077935
31174880
-42678429
8239707
-57957580
-97195382
22685307
-16972608
19516453
63438411
-46154330
75675348
-61635677
-15811634
-72863787
-53148042
53395982
61935091
-70992905
-25821095
-92461332
25350962
33302195
-1731277
44752882
49137723
64367413
37569874
-27661550
37408648
53535357
50753944
-48050801
-52959813
62632657
-27738410
-61529830
33329155
-52498169
-66065216
-69054254
-77358537
22389183
29655973
84741597
-79723437
20461572
65734717
-57918904
64524040
30812335
35433449
-85633288
57010195
-80471457
15532339
61908853
90707434
95783957
54711759
50074688
17880700
-43406042
-26442567
59925685
-56707898
68155056
-19423886
-90065290
20841298
74004162
-6259905
47083554
-9473385
76345905
35574795
4016737
-31326025
-41726602
-40705781
54343773
84972869
84999891
59850164
-15324232
-53745614
97155427
9214685
-52821595
-98154696
10333123
78717557
-85018298
-91767143
-11467121
-98933831
56381314
-31377997
53752428
-20382586
-41298081
52884469
32093904
-81266860
95209693
96273790
-2521333
-72419507
58209393
-90924143
-45711296
-6022219
-62443802
54369856
9650173
-49987051
89318263
-87896338
76045491
13362179
61970372
56429409
-10186303
84808816
-41169752
13728372
-73301039
-70508700
94199728
-35718066
40307512
4132608
-6162906
25779860
85620139
36651878
2792517
-21306594
-49643612
-31053413
86614255
-9692425
10456108
-31073026
81252314
2121009
68639484
39765486
25876355
32204909
32907632
-80247972
-72124825
54879409
24462620
-66189868
52919586
-94525221
-84275460
59865976
-98762321
-72646239
38466991
87275207
23856138
-39229103
-1969948
68194325
61619204
38818198
-51453835
-32310253
-5323357
83192591
-24630675
-7686102
86377268
-3416526
-17286920
48025179
58457735
76980385
42067183
-16939146
53597451
-28429884
58316322
-70534337
59975306
-61457311
-54365888
73016356
-21645310
-51173613
15617692
-69935159
59480174
-61536911
-28297665
92346884
-62000404
95918626
57896569
-65973123
-83343867
-68636301
37645920
98626336
13344810
59371458
19069519
2208967
84141984
62920528
-31272033
-28202391
31713942
26777759
-41076286
-21981151
-69683354
19142636
-34857300
-16504497
92340735
-25256846
98799021
47212939
28317492
25661742
-23988630
42824091
-14257835
69966081
63839973
-54587041
10234792
40037855
11938938
33596755
-50095278
-49940795
78652165
9778831
21401010
2928163
-91592621
-82706197
16448322
-29607118
26663567
51893056
-43243525
70275498
74493513
10236756
56795412
39518786
27434594
13983008
28960727
-58221787
54909861
-3456579
9128296
-10860640
53596029
87996046
-55378311
-65745604
-27019718
-23299277
-45477506
44375777
77575289
-53121570
39909164
84567986
93044861
-43161572
-1056864
68368773
43528231
20930862
-51752331
-82556588
63222527
-18105748
-85260735
78878918
43003668
-85920495
59603828
24949529
-44902924
-25659449
69875699
-48518748
-151885
-1399982
17300814
97024787
73550815
72946347
25983878
96753944
44652647
96210591
-35461313
-44122158
5837522
-42097352
-22741661
15344719
73387809
-46129079
-97504337
1490799
-32909485
60678300
6063068
6166008
-91264735
53943382
-62402848
50594622
-25741740
-79084687
-86276933
52302824
-74986968
-74456085
59056945
-72521758
9637681
-41404062
-93616009
65253139
40076009
-4887797
37750470
44719508
-59428372
53683399
60578203
46862716
66385309
-18540235
-62028554
-74382498
-41059845
14657682
-91229205
11073057
17150526
-67128128
50748983
-17952393
-16984669
-57545432
34971774
-46556827
992356
54691461
-2622164
11605600
37978368
89697862
-4696555
-76517682
23599825
46929851
-54296442
95425596
94124495
-43298992
-24100674
46417064
51869649
27783504
25920021
27214331
44377456
37462811
-64153444
-93761803
56339548
-43827035
76838898
76698996
-95428702
-38473834
73556353
91973543
-86071993
-8783538
39954218
-43905842
-67453176
-64944427
49832801
-6117107
-13706543
-70630891
-68797274
32657285
-42151666
4077749
50767557
-73077223
24024277
73797618
-39944078
24704758
91154953
-33063407
63541114
68340327
-78118830
29509339
7792542
-47361500
-39233432
-78219729
42673537
-92335303
-27767741
32172128
-172255
47755184
-44611107
56334835
95570393
-96942052
78310430
13947663
-32291002
-89629539
81997326
-61162518
-36430519
99878182
32339506
-23642905
72211364
23850015
97545443
95931832
-2069252
71193001
76790514
-26655117
-14262740
-82011980
14644298
87098069
9309559
22128185
1323803
19501659
4492354
-29699910
24612039
83667795
4215139
60005510
-43620110
-8566070
89049461
-36881613
89476391
65150701
-34048866
83133976
94090763
-15114433
24234606
9878772
-59700149
-92041782
43368707
85514855
-3284887
70514751
-97168089
-74629938
87213931
-94027702
-76139784
-36810743
-47892080
45664746
-88983092
69251551
57476826
-92826125
91346200
57932572
70959906
16818047
40243239
15975653
13856551
67411265
61161198
12505646
41190178
-12231113
-28397264
-52816832
-59355294
88917641
19405136
32092637
9686936
83969239
-90560174
-4262707
72462832
46281669
-47040250
25245396
56791052
76068675
-26898394
-70212269
-25330687
2545678
-44091281
-18271424
-28940878
-62475199
67041471
83614803
-47600824
-91340520
65361926
99778559
58967171
75970791
-94461703
-45061565
30683235
34130856
54267509
-93931181
44344949
-545973
-5468555
-69944717
66102954
11327054
3441581
53588918
-93427190
-79231712
82332845
53008634
-73972394
27327538
-45802431
28430669
-99822939
-27907574
89485466
-32077913
70353316
-7444665
-49228433
21570433
-36161655
-34033861
-46255351
-93676384
45642981
75098435
39179780
68102491
63839919
-11235944
73147570
-99517668
39581330
-57013685
-76470307
-53280826
29161401
-26669750
-37847525
-14230483
-21907352
-43829970
43996870
47628094
-88798306
61824118
66341518
99854483
25589822
21725824
-35907189
-15673681
-98784071
96595608
60424357
15228188
21305664
38463179
-54320751
69929298
27071995
-47285812
-5144246
3748158
-12092189
-49124133
-67918432
58599973
83274805
-4513757
-83017271
14421114
24118804
91337671
36459246
12984960
89601942
-65435087
-93813495
66740189
-58096913
85461763
57443911
-14641103
-33924950
-1173013
41019395
-56166729
-47688074
-55968223
15478925
-39529441
-51291924
39289818
22097765
-28050291
-82668795
-32245251
29497914
-67404935
-24554970
-18337764
30484644
-47956244
-38417796
87660158
26671968
-16859141
-70342472
34437354
-75527239
57818940
-21308967
16461540
-90969311
-36548073
-51332192
-69275244
87920551
67339541
-14248019
-91435071
-74476779
-41726017
-40422845
-88975360
-3891001
-74073535
-9776037
-34038973
13004545
-3041800
-1573405
-2518887
-56176994
-29365230
-85828891
-58260947
-802740
86908907
-82822228
19805980
-40780419
-85242250
80895976
-92961706
26139146
39859937
81139165
5442144
-99927308
96937398
6959459
-68075061
-54239378
89890337
-70081537
41448127
59608120
10631691
-22140955
-92327915
18983250
-86483720
5384717
-70041281
83184618
-78105898
-78329626
41569516
-85449199
14139536
-41652280
32389652
66741393
-38420953
59388331
-91961732
-7852393
-97772780
-81072333
-29393245
-75236500
45511552
96462564
-51161999
75366753
-65752098
46003743
88344148
80169522
5982176
-62909792
-6089400
-43877016
-11284646
75427918
-52241035
-26582255
2396719
-50615184
42167749
-101085
-60601941
35853102
-83789104
-99169571
76970596
84313900
13192087
73335282
90395629
-1325041
-486966
-80585775
69917692
-13250711
-98104135
-44867855
39926895
-98081939
-25855812
21021288
-20933254
56219417
82458468
65569887
-86991646
72027088
16371180
5233698
-79600353
38882238
2706709
83533697
79412953
30803392
-40115654
-18760346
77869135
-91661080
89427812
-11258511
99435671
44757245
-76805868
-39051636
-84136963
4592526
-44248893
-21561703
57098599
44916531
-52359397
34922347
-93033189
1002310
-26560522
-33981312
81805060
-70239536
5435996
59479978
4240916
92156731
70509350
-10880360
77156555
94232956
-4960178
12305686
72570321
-59632307
91956840
47047950
31814483
549416
71469929
-76839070
-98557112
34615441
1774903
-78932064
8334185
70023923
-99745878
11819523
80007527
86486434
-76035223
-68876440
-43907703
-6851380
2585758
97736774
-86520047
15989367
73809972
81880874
-31283362
76101383
75241071
92269558
-5515080
-70634229
84315562
82739767
-16299359
-97550669
-95737355
-80167701
-43054824
-23933549
32417967
-15230271
-34254649
-85601415
-49372996
-17684617
29892304
8895087
-94073868
-79118966
72394147
743943
20610521
86917398
49930641
-33750192
79039300
96600643
58761790
12034412
-94708808
53050373
30475545
90450974
-40470534
-50390536
56610790
-44157240
46304200
-59728628
48003119
-40379462
-41753392
-33847719
-61449491
-72758585
30877196
30634797
71415277
9736143
77777664
97402246
5924961
-57763199
23606800
32676886
92412792
24974621
39966489
-68200826
-82801317
-77722555
-71755419
-1939310
64076220
73759051
84416014
-33563546
-31630556
22056569
-68821172
-15775551
-98018950
-53860150
67928284
-55502534
-50244409
-85949936
-48967799
-50645982
38832470
98396518
97005862
-55380841
86123322
-89671013
-74434503
48023261
48266592
-12324143
-78146041
28782236
48814403
10329470
-34094291
-89448391
-58891285
-82893266
87205981
87433226
-61425538
-27126082
-89117627
56665436
491975
-95628059
-80409445
-23264314
-23923015
-31420028
-23671945
25422123
-61020313
29563326
48139737
-63938342
12519832
7236474
-5885829
-79503976
-34848490
-9995983
-74263390
39107640
11247274
-19257260
-86061523
32374470
95976487
-722158
-68957500
-78502840
48844167
2770500
44988837
8349289
-23378117
-90777274
20838557
85500552
73112892
-27446963
-33245954
53166866
-32140215
-98457525
83253465
-40679054
-3749708
-20782850
70164542
22600662
-80209571
-86110307
5441180
-58015442
-80539352
74460733
13339783
-89472320
-55734913
-3616716
-54836129
62758926
-82699929
94793280
29423893
-81792115
-76279096
-24936471
31939093
63681338
62296692
77978008
29194055
-54238411
94308933
-12139743
-90822144
9020836
89112840
-83013007
-16695556
-29766798
17864021
79037717
-28599827
94116442
14642877
18807334
-60978087
63407058
48980256
-63245070
27606273
92519615
-41526590
25438287
74233875
-93015090
-32705584
-92515124
-1734878
-11151072
94101185
-36895830
-65842124
-72302533
28494016
-82401335
-21013036
12317377
-58963979
57436626
46925611
-84287533
-97782303
7602366
-65368158
-79692261
-72201915
-88160724
36836323
-91358953
88618722
2867034
-43543064
-51391214
94965200
-25263217
-31355613
-40223405
86378391
74185849
-45820795
-51112269
5721193
19424383
-58067256
-62784329
-17798450
25513753
16072904
49716351
43028583
-2486886
27676499
42613526
-51498115
15121262
-92236815
-83343867
75622833
4419975
-672860
4894880
83128980
20337228
-17810348
-86100615
81586928
-60302138
-488709
96958960
-60665404
-50936209
-69512194
96474584
61020035
-72788279
95000492
65497442
97368003
-78964152
98368295
-63924512
19872784
82634788
-89131351
-10416360
-63261934
46994110
-23078919
-71105809
-76329672
22494985
11115676
-12788995
-29958549
-34460126
-75812256
51857987
63114684
18063074
-1016300
20975364
-92114789
4608447
-43432684
6195230
95880407
59749668
-59941078
263147
-24876584
-48680253
-80262106
-92001954
-33720317
31369030
65606539
1712776
69704830
54773167
-5068426
-45996041
-64802585
81922674
-72097056
-1949616
62160612
5398621
-33254039
-84042907
22135364
-6631715
-96348410
73063528
75198754
25072867
-85003538
-28756738
95795300
94202797
41168138
27298991
95100681
-65366485
10058402
-47176516
64765604
-40631222
-72012015
-51739238
67600571
51283227
79287122
-37309601
77083264
-55552029
29372918
93546525
-89335707
-40819324
-90062740
3290830
41078564
-80393189
30927120
57167854
52501461
64710460
62389762
-91667952
31998692
-63973696
55548330
-5143975
27087760
77582733
53165099
10039699
-95585483
-8813356
-39399645
94409915
35121277
29416856
50732558
5355933
50945791
-93651264
-1180358
57535878
98951675
18572519
23873143
36395692
-88136446
-55163594
84403838
-14926431
15536423
41716880
47047523
-85454350
-11672165
-48970466
93589298
-17934953
40318151
-48981770
-20234883
38801653
-96746195
63705312
2503417
96092565
-95638661
78377315
-26151118
39443084
72048756
74266512
24278856
-28079151
11086738
98576579
75314173
-10586548
-23328594
76843488
-46279594
27979279
-95995091
-79241636
47813688
-86652366
78926294
-153340
77121046
-92399307
23064954
34596606
6709079
-23944510
-39874291
22260026
29012872
-52083971
27340478
43742872
92405975
20082691
99041688
-75873572
-43280697
40252008
76579599
35957615
55142516
42019081
41770262
-9712569
-35725078
-87238196
-45172599
-65460277
-68650296
45525560
18763292
-99474514
-95545950
46160126
-38677917
99336104
-56719468
50547989
99374235
92447130
90914567
88903834
40235090
99007200
22124242
3527942
-2882093
61385145
61073116
-98793816
-48586214
8416571
-21145232
65491515
-51125472
5930472
-20009932
20529869
-59820581
-15294350
85190583
93060966
10621128
-90177775
-69294741
91080054
23860752
13009766
-34164036
-176098
17885480
44147298
14945567
34275665
-26206285
-5951913
20269202
-3192516
-64199456
11261951
-35513324
88582044
-52324412
-83651808
-52030569
-94400646
-57766163
-76951125
25019240
-18203908
-43249329
85435203
45614201
3130855
-69161442
97336464
-16647002
9769993
60963656
10040039
-84122315
-16963762
9079337
-26314256
-80290688
-94935586
13427769
33794226
80649146
-17343366
-94869952
-4992445
-3071306
-20931634
19449386
-94911684
16209694
35349166
62671714
39945635
-47163099
57549101
-33001853
-17813500
-1104250
-43441660
-47639855
-80994575
-91094717
-66823761
-8172849
33017684
-45397941
-30558474
25616165
80381934
-61719584
-22630203
-78968066
48671616
61314879
-53828380
-73125218
-85267596
-98849456
58310738
-87400049
-18619450
87546012
38317989
-70963355
-18315612
-88403284
60294940
-28964277
-82469602
-19370508
98919548
-86395577
-47911265
-65683136
80729086
49103396
42306931
-3061945
29401840
3996966
-43431259
-50716393
77500343
26846061
-60840853
-81456491
-2607129
59638449
-11718480
-12221200
16470942
-77074494
-73317413
4046293
-11264913
88995087
-56069954
-43391339
55884358
-56804620
55640211
42996965
-24647443
51635171
61380101
48528923
-51567549
32685354
-88279092
24770320
-616033
65152122
92209991
74352840
-9280767
23047810
-22741177
-33102055
70593712
39703391
21318215
-27623357
-75626331
-80602697
-54544170
-44431167
-1551482
87887436
75923719
-47626351
-93498856
41553469
-23991721
-40736961
65326690
-33508512
22094396
-54781455
10847185
-38312349
42822290
79463430
89438102
61855326
-26289856
-48250447
-10894958
67488422
26242022
-34224773
-81588717
-16522025
44325910
66088166
58965963
-65679003
-10163793
62835774
-96898801
-10589417
-790124
33296584
-79709560
95093280
-5940314
69462474
87165046
70371208
-24025394
-98972853
57139993
30725953
-59534679
-18829855
29671977
82234622
-39625341
-73719326
44263060
-56421836
-36680411
-16705642
-67566762
-73712266
-59797942
-68177579
35754139
51751583
68565851
-30621704
-99692316
76611801
-77940558
-75189280
-88741585
84412621
28122552
88481115
-10118867
-94821856
-37000628
-1184722
-21144641
-27935970
-48982993
-89787801
-80779274
68363499
50383444
-89842990
-86270391
-97328278
-27672243
-63954156
20001824
66481242
21840697
-30063163
-78934752
-13257633
-42010005
62658249
-8610993
26896811
55948517
-97531372
-30491951
20062059
24026145
76962385
81472608
76199408
-84308273
-68107193
42998141
88086268
-21660615
30134304
-6519761
50057343
-69033277
99127674
17898948
86873614
41117778
-37927785
-98312785
99266223
-8457751
6537015
43657168
83226892
66562251
-34414424
-20025268
-31929553
-68592353
85481757
-39226615
34196601
-12996321
63570029
-35331765
44421839
-32308038
21757868
29981483
-69383826
-53868527
-40866685
-65581209
-30187890
80528193
-29231083
2743125
-31066306
65214690
-14421654
-76792913
-13854245
7767296
-18707325
-83497478
-60270081
75297059
48569076
54520468
-24285892
32405633
51837451
77149984
47873477
-69996790
-8344065
-33295281
-46251504
-58685615
-5695903
5122742
59932305
65016544
-58312702
-8441557
19947726
-18405288
5029408
-21228312
-85889950
58068274
14613551
89149326
-32840421
-84021038
-54111892
-58341015
-97823851
-80681108
96568219
13063871
-45930047
77312864
21231859
57214441
83953770
-96731672
42886358
-12334610
61278549
71601701
-65444178
-45105261
98773328
13853622
21916548
-256225
-61885236
-41264084
58233607
53891791
41824589
8841986
66788790
85642109
56686984
20453823
-94960275
23244236
21875222
5001439
-11893740
73101667
24580134
-55717698
-4969420
-79740713
83750313
83304140
-83121056
55606606
33088649
3916176
16396876
70014343
78391476
-9557307
-79583048
16563233
-75514504
-89717327
-66118512
-25304025
-88395017
-3141078
86765342
31083260
-36919295
29215424
-80555839
4142110
33819793
-61222978
75645820
52886911
37249355
-76707
-46141460
-51335825
-2166153
35203346
-46010749
-16451722
94370877
46672768
-33791456
-39722028
5062146
-86772382
-84596843
39479178
-28888182
-39395838
-35519845
97936201
88761916
-19253497
-61612412
56352591
55704401
-74063152
-89892748
-94082747
9069346
88601430
60365689
10936333
22000196
-5047488
4151088
-48398064
93463279
-16662168
87986415
59898085
-3385239
7466774
-42328755
-7016800
-15440953
4073144
50358886
-1859383
38320574
-89242589
-53097948
-23964359
-31503378
32467805
22300417
-17603139
-73837660
-56664827
-75931300
23279465
-21453036
-86277735
-46703187
81704600
16776759
-19531077
-67552682
-77446169
23575286
-12002600
-19790654
45717048
47437269
-80598895
75779424
-91394832
-54965211
-84666986
17459117
-25988671
-29849751
35618232
28475309
48725127
87087438
-49793177
-99852890
24621840
39763493
-92110089
-97316198
8833665
61248649
-88320083
36056111
-17679217
-74451189
10305078
33573031
-96312753
-62796506
76632115
8561345
-68589888
-31176501
-20591081
-99059918
-22219440
-14950433
-41556382
-6065418
78523007
34278133
-72291266
-42750481
-57336695
72021076
84041154
55381735
36344843
4360276
-44116003
1063988
41472930
68550924
42830628
64450015
78870720
-14159870
-71935746
82970458
-38019965
98141155
18310684
1386779
-24755908
85395910
-41762048
-74775779
-59705947
10452681
57275377
-49626198
19418239
-32462081
50273678
51520714
3550101
27978448
-43018119
18084084
28758101
-18820249
-32217935
-28145390
-85237885
66056188
11737753
61749199
96625231
-42054261
30652675
-69683644
-93846766
-22889051
-87313404
79845469
23103721
-27784805
-57547590
-6072329
85154571
75037950
67780479
-37894416
-77664570
5676789
29424370
54630579
20627282
86359396
96839300
-79302854
31779097
11267369
-38408925
30824319
53196809
-35286946
25577792
-32221258
78373236
-44452372
-72058852
-22342386
63035709
69417865
93584876
-36662523
93769582
-37321238
-52287315
-40888100
-28096770
-86643325
-44653908
13882070
23165967
-35446824
79660787
-37829630
37090694
17284362
16397839
-11926670
-15173121
-8712067
18043666
88869292
-87171035
61249430
-56088763
13589236
-75681810
-31950119
-93457901
-65232914
21584058
-75384512
-11917932
71327592
-1999415
59753514
43685074
-97542859
-46594472
-3200069
85013245
-31248363
-97680431
-90391692
-86847806
6627123
-34343521
89812320
-5262958
49820684
5151098
90420244
97395067
-92648182
-46245676
34826351
92785616
15130556
7555129
-24257302
44475261
-47757051
59645201
-90241994
41290102
-4111252
60197879
17143951
4843720
-6808632
-5410741
-63769070
4191119
5960584
60837665
-95497576
51892837
-255514
89254834
-95867516
-82578094
-14041068
42975504
98828817
47322296
-96143693
-32113362
57614109
-84893252
80533676
26263051
-72492377
-55071568
55976683
42609144
74071171
-40715573
-34608639
-49727524
75624148
35529317
-27402005
-62868016
11947407
31917664
-89699824
-61500584
81145124
-5425641
-48322887
-56371422
-26144359
-53765065
-25155028
76690901
-8155920
-70091136
-21062459
-99125878
-78598229
18777961
-93352794
-96154184
-83335026
-55860204
76052863
-64973315
39753559
81392020
95525250
-7095766
-82718479
-10764466
76911053
26310495
-89198063
-63301257
82574306
61645346
60102118
-52125136
-88804836
20299079
-41956395
3148987
-75064711
-22166589
82595263
-84302562
-13459063
7040092
-84561832
48936278
-5824997
308161
-88097731
21329230
89082235
-88029074
56488854
-56855592
-90098913
-29640584
-348368
-53840619
56041194
-58942501
-24281106
-7721701
-56941388
85250716
-68559231
46248868
82915049
-64093141
-96632410
94515828
-19710086
62730337
-11791243
-59499296
99750893
71016481
-88548747
-92155332
14395885
59727906
-86573932
42745106
1165728
17138879
-69454296
-82770235
-81023217
-19292782
-35764331
4879174
66797719
-92619274
18624900
60402913
-50766911
97856824
-9891178
39068643
11611204
-8936304
-18776889
4515584
-5312284
-29257259
-32285699
-5902530
18714426
-20587606
37922746
37202952
-82686969
-42544047
-66192432
-63310384
-3396056
39610693
68548734
-61569112
24249531
-62152279
-33967877
93618749
-96770587
32778417
49953646
3943653
-87522016
-99409821
64028690
-49496925
58112628
67053911
75295208
-35213877
-34574581
-29411216
58820836
-80192330
-5457510
-85422281
89302571
25890402
15388312
-65841719
52851449
91893683
77908659
81399055
-69833708
-18757269
92595522
59008559
-34232597
-56138306
-65307443
95886397
13347285
69322472
8793991
-75266646
43924589
-47080812
-84015993
94746878
-10772239
26604464
14035861
-6146242
11129713
-87287353
-42614546
-4922838
32643
-75336789
-68403048
-38305568
28309361
-55139070
-63499996
-89667764
-65157070
-72449771
-45727615
-21520000
-67700855
43120713
51492194
66627780
-7061613
48548615
50819805
-57873764
28774868
-97793216
-94374524
38514023
4284560
55427621
57455053
-51870636
-56591065
30120666
-51135343
92705259
-54303556
-12534080
39025838
-98216203
40086382
-25819283
-40640852
-75149930
81072895
22434572
99600231
55064866
-43142832
-11798289
77645941
-69343603
84884712
11650586
83689424
-61306491
66535323
-31660397
35236153
59215161
50784579
-1009504
-38199707
9203888
-33552332
91892069
-57091621
-88418967
-76446821
-42607321
35832542
36372759
-93740831
-84342704
24879782
38437158
-43959565
-59793758
57464969
88386675
22281959
45740891
35733774
71469199
-3443345
-527954
-83993812
-85252069
68962060
44548176
58050585
-922239
43305386
-40996957
27955428
53085947
-89537105
-9947106
-30305535
-67495928
-44466844
66117679
58829835
-58261542
-59731812
-77454407
-1105910
-17443250
-94365993
-10327049
-67631997
-39208875
-98978606
76632512
54438513
81728843
60211275
-25532709
26808574
13152286
97205395
54617214
-11789086
4710545
-66759224
-49386768
-94265539
37544281
-29636711
55195036
21618005
-24102680
30190558
-66561254
27958190
66685553
30568760
74608009
94488621
18881297
-84221301
21282002
-58947518
29159107
29069491
-50835219
53537669
49451901
-12271887
-39412906
68523043
77809440
95792029
47174651
95154872
-37488804
-50554008
27385500
-7174600
-90324749
43999285
-85073712
-38037397
-80882693
-21344982
95416926
-69270059
80439852
9444746
-17390081
-11942135
-92333160
15436552
78601742
50271823
91769691
75341342
22533365
94485878
-321276
-2328699
19932172
80999235
36490889
-24868396
-43724579
-51395706
85116874
10274601
95070743
-41582487
45503314
-10673289
-74300626
-30719506
31823659
-48686200
-15699030
91702050
13750281
-51220746
-14284496
91854672
35863726
19008277
-72937637
73907884
-79796124
8091069
76874939
49698511
-48452146
96811231
-88760849
63156585
68173144
-46482514
88900482
-60817106
97658948
-60474164
-61598731
77901297
-91805821
22992862
-24693890
77839354
-50263728
-91055053
97340697
61127520
-1530903
18586197
-16503122
-47608498
-16704620
93974750
-17936187
58413829
-7041639
25215885
48043095
-78988620
92439204
-85335612
-47655949
-30273199
35957398
67722167
-85350709
-74587032
90562530
89310109
40103305
-96977128
-14525563
80254450
-90700575
64063539
3146591
-78831566
85027224
-58497449
85846272
35994350
-46977860
-48103204
-47370620
94251390
-16644024
-90805232
-86190612
90643939
12762568
-41988737
-16065903
88383742
-81197860
-97441064
8535678
36451312
-93308318
-23838087
-99748788
-40094563
91211171
-99216427
-45795084
30695845
-77783693
-4836376
26578773
-64030518
19068988
-89760816
-35372979
-62750097
49425565
-88387559
-58718059
-75707078
-58363528
12171513
18444498
41672392
15421942
13148304
-94744054
-16161978
-22214788
12880043
49161044
79043948
86331734
83156426
-80178444
53879776
5707537
60943841
-24789028
71228154
-77536059
-83482234
39750854
21316024
51208187
90632655
-70019711
2950869
-72808167
-90398096
-65931192
-34978748
-46322560
48388600
-32518675
-30147612
-46210126
39465393
-83116931
29947923
-77297250
11018961
-44121114
71249099
-70559475
-20672675
-42500697
-19015484
20652353
92385925
82072170
-26572174
-92709388
16643602
-30622580
69145963
26946561
-78880571
53213242
9881326
-14373299
22218006
-34047391
64262076
-6420595
86380710
78377352
-76572392
-99372559
23462643
-76944942
35757168
12078992
-80076747
523615
-41734350
40608810
58226549
-20118383
-44464386
4579238
-4702338
-34101984
52867412
47365875
3106909
-1529898
-21000668
45775701
38290417
19847653
-20920363
-75554041
77067692
-91396589
-76880212
47722115
6968632
-59894501
55385918
-36109916
-63770934
-31743178
66577214
-18857538
30167214
64002619
-19145311
4732963
48546198
-44281717
-73583484
-60063543
-20394637
96412292
-85858963
91780945
-42400377
8648627
57031682
-29229441
-45704134
27844379
-31038579
58014518
-74236801
1129636
-89203941
65158306
-73561780
38322890
-31758682
92738073
-82543997
-89899470
-29643582
-4755002
90347098
89035839
-56647681
-31911318
-1760538
71412870
-19908074
47217236
-563061
-29106837
-5529844
53677752
61393406
40745283
-27688849
-61825466
85064312
37106246
76449924
-35972630
-12587273
-7361774
23671404
49423632
91329483
-8890402
-73324254
-33183818
97282040
73840178
39386423
8466117
-24696222
87477900
96322834
59812655
-37492578
90899411
58756877
37830864
-44135991
-84787177
-25707509
88970271
-18588681
-155134
-36796915
-25085285
-86504654
-16596458
79014916
46873477
-57437728
36371190
90773974
-49310916
-92271607
11230216
-68238085
38325105
-65333607
9307992
78547407
-26177830
23151304
56066592
-71562013
68206567
66843187
71356400
40885836
67193576
29338817
45601824
78031753
91800209
28878539
73344408
-90675633
-12586032
-19306297
21730606
-80138801
-89193915
-4239907
27545643
-54771829
-36136849
-69900673
-14657429
-80116875
94607015
76735621
-12414067
-83488803
-26978012
-42117595
60364041
-17673336
-99059072
-4250290
-78307878
25135797
-60793376
9316369
57260948
-69452307
17598804
2433420
-51165642
-57298323
62045291
-82499814
88407785
-86062458
67857045
-63439934
47682579
-43540209
-38495265
71353405
-79974830
34402716
91591547
31692315
96885633
26717479
-74031200
-74482602
39499068
97476700
77112376
-43638120
-43395429
92736069
82468426
-11668295
77176055
-38233652
-62205377
66112157
-83982893
-5125004
-36072919
-15702276
-63988222
87527459
89103351
-8444484
-25691330
24457561
67010504
44529866
-28537394
53835
2985001
78973098
31026824
40704293
25915845
80334238
6399873
-93421812
-54515608
57595094
-87120151
-93791132
53004850
47969140
65968531
61802224
-71924352
45507078
-52556771
12262394
36926952
-23829062
-48142354
18736937
44020542
68740530
-87068256
-92171093
29275821
-86186044
50797322
51933434
-26875540
26199850
-73869670
12866135
12855199
19085734
-48224180
77477118
-15264490
71785281
75818148
-94055949
99765239
13361916
81648365
-30000328
-57905580
-76015912
95209400
33972279
-40080577
-24186380
20903807
98284812
-19324714
83752638
61144393
51113562
17276832
14741613
31160134
82272713
89884919
79317614
-99658317
66919521
-93574625
-34595188
88605295
-5243690
-24848228
97611316
-8352053
-61624457
25982571
-68607218
41706203
40605438
-34455927
31995255
-5982219
-44871814
48251974
89702964
-31840695
51900684
-34552287
-90003317
99501742
-42491474
58642555
-99438473
98249061
-99090502
-1987799
-77927513
23301729
75063609
-29999984
72047229
72666400
57693785
-3334024
44698186
-85638542
58378340
69624928
56593335
-6394890
16713781
-51678681
27534542
32714356
-63709788
-73125552
4714052
-48888171
-87115382
-46229723
-24174571
-90070824
28423400
-72824652
74725606
-96169100
-82016184
-2197142
-39635464
-79436340
29565467
27705578
83957092
74429165
85907949
64066199
10639547
-70411625
-73364704
90399358
-99650387
51774329
-65478416
-63007491
-61834202
-20105869
-63479912
41571787
-17623752
68260938
42859405
-5892713
-96700566
-5287376
-31985177
59551884
-96173471
39004936
-70990645
-56171165
19040334
-75002846
-3090265
-86697254
-77191418
70978837
-76219362
-91495526
30132978
-94093895
37551086
-26197351
-43164487
25426308
96807717
17894607
-74954409
-94152622
-84218116
-23244791
57535175
-67379408
-50530436
61027662
99481954
-12118554
60376426
34331200
-19038187
-13791147
-63386559
-58511915
-69946991
16295444
33364159
-92509296
99762905
-30323294
77378231
-18626449
15764213
-47805334
-43116713
64592572
-14516192
-19664437
-25556482
49430184
45576967
-28215561
84637127
55738400
90159422
-72299394
-20847605
96756295
-79371998
42224169
-38648132
-68485189
-97797234
-64394485
48823721
-82976579
41650168
-61831161
41401281
-66607264
-93568004
9924950
87313521
30738486
-72342586
18737517
84672625
-46454912
20391655
24635684
78235913
-75120438
99497146
87786427
5748961
94455280
78625817
-36360747
-32638929
29192157
11194573
-82027876
-38136014
72981690
22728583
90282239
28549629
-11955925
-10327489
24767753
-14514993
83744795
-23309219
-81011027
-17006813
-22265633
-59902540
85432395
-48413198
-64705651
14078147
72621
6286607
36074995
-37768812
3005944
-67348327
-98978998
96723932
-38699979
-96384553
70525119
-18809080
-2807285
68767140
-46621577
-55967274
24247903
18744006
-18539914
33410206
-78893702
22597450
-31192617
23507960
42043304
-30662039
76510446
99159126
8206254
-27641631
94182290
89375588
66386884
77604208
59513808
-73604118
64825155
-89217223
-69110079
-40558531
-9565955
63638059
-6935970
-91298070
-24590589
40939000
-55322953
-13902413
-21265162
44257504
23910300
54926101
-80253431
-30646604
55335411
65872657
57223071
77716473
79400625
-85319598
731816
-89264450
-93392356
-58001823
-99174484
66073432
8135215
-87269632
-99381421
-47162124
-58943147
28417591
-29734189
-10311107
68613449
-46892607
-30047930
90841673
-85400864
-79664948
69602459
-11434030
-53030428
27207890
-19535994
-34003259
87625918
1998133
94143172
-782489
8075854
-2443175
70496456
31142560
-98638291
51622800
13576938
-87792300
-27227224
8385273
-62761632
-5458289
5194568
97255341
-50848457
-28967830
-83234054
-53972722
3826523
89263414
-18383478
-89110019
97557677
72025245
41864152
-40122077
-36558152
-8569461
-22751386
-11311373
36010177
-87461613
-70922327
6736532
12540942
57388461
87077315
50103495
-84152010
58015951
-21870603
-82985601
86431661
-47789740
65661637
-82194741
54238869
-56854220
-98411190
29907191
-15415403
-81453862
-68325434
-78388451
10854276
59084563
-96474098
-89943931
-8110363
55237063
70347884
-30460830
-96757699
47951310
78826486
95459686
77759426
84413842
19696275
77122828
66678945
-36506012
5487421
60787985
53396215
81558028
-50482141
-35571764
-52096001
72260135
-88066256
-84694650
-18798819
-91026090
10764900
-9553790
-98715338
12610548
95985996
-89494936
-89439630
-76338896
23092023
-74031857
-78244082
-84060934
30423761
52101869
17912300
-31773724
79640969
-24302864
-27755143
-47648071
-12896664
-92677536
66740926
95995093
97533628
72566883
-20572999
-4617814
-15754534
281632
-25814796
7673579
69342366
87439031
-11964635
95931897
-12927569
92881534
37739005
-35407928
-80754456
91129965
45837586
97620094
-76146353
-97161494
57841762
60316607
-20157269
-43847427
4215991
-21950867
95868579
43515394
53694012
62832674
-42498086
34404444
-51138737
78552654
74961454
-26020579
-70986536
-15245867
-43735853
-42929716
6415273
1954100
-82484898
-80665929
94177893
32982787
24390465
43894833
87273013
46272926
64782889
20477517
-45076411
-30204051
-21483664
-85076786
-10802333
-15624883
-70521900
3023032
-89908322
-60970369
-15088895
-16104989
20344572
-26600576
57137129
-86346529
21718129
13562610
-83401001
-71580328
17318122
82782762
-6901507
40851668
71216059
62334662
-54688236
-85453468
-16994201
32619825
65933941
80272235
-50111164
60788023
52821172
-55850282
-73967951
79089416
-98730422
-99084223
83553194
-5090361
52198437
31835000
-26405860
