1000
-27301258
-76729373
-51855891
60897463
-73184594
-43218539
40067196
-25911089
-26060807
-69202586
-10251819
-39331255
68295738
46306244
-69238159
-46348452
78625739
65621676
17378112
-1544875
60757952
37625892
34768227
-722832
-94627730
93844320
61491625
-58064723
-32766608
-4650174
-96555797
-56223286
68469255
-9286040
2334006
-57300005
-62461681
-96820842
33028204
-9348223
18678740
86468524
53593596
-13380159
-46084752
44590476
1933856
-8493064
-19672574
30234094
29374295
58180290
3917202
-37523111
-64020399
-38742889
-78240612
-94419368
-96335394
34119490
-91501691
96490646
-71615373
-56964301
34803576
33449542
81399811
8377253
51007254
12971470
57869760
89413303
-58515847
18633522
-87732613
64094992
82537023
95523361
-94184795
10551258
-19098858
-20143172
-33823941
-45292036
-10702551
19573492
-64553572
20853620
-58457618
16807807
-45205040
82850871
-71648655
-61497691
39240650
-76761590
-10030752
-34329865
36599167
56024332
-63000822
-9798412
69482596
-86051681
36369576
16843462
-67886203
-73336287
-29799854
47775671
1506221
-25678288
-56786113
-70359560
73103889
99275455
60701886
3483888
-38454101
45339687
-38564962
46095292
45813856
6128493
40298138
11216903
-23214158
28345130
-74153229
76101254
49501350
-97114799
42186086
-45071852
-85299736
-47275235
-98169288
65468043
57857337
29726153
-54093516
2994697
-2775858
39802718
-70922366
93413189
-48655482
-8292945
92355688
-24071789
20175917
92400579
-33934435
-26897915
42172207
-36661153
-20202816
-8944714
-53765365
-93939130
69565973
-78458002
-76745850
-335827
-7254802
-10674904
76579185
-12572792
57700282
-85323789
49277647
13365254
82726375
70056444
65450036
-36986090
96871451
-5694939
3973063
-36091196
-25977681
48077619
19982788
-22282739
-92622296
16459422
79958408
-11318316
51047458
25432673
25746472
-52171780
-59450866
-77486057
96731060
86479812
-46768201
74459917
-30267366
-13909978
41454565
-80442100
-51331341
16098706
-68946671
-66614175
-92430885
-69833457
-75329832
-70487780
-35020647
80215004
93875147
-92216191
-36242502
15615631
48124155
48194856
-9859849
26629827
34988030
4907551
-76464672
43061184
-59481639
-56496324
-66060598
42675318
20080698
72761063
-56001903
13664940
-56568426
80447360
2909912
-89051230
27762643
-58665324
49521536
-60583314
49755551
-82703334
-47190645
14717671
88015061
32564381
-690462
60040592
36075983
80121104
10512658
74063934
-70971826
91196524
-16464906
22882766
35577579
24372767
5108972
-18465139
-23671493
-10925361
-13039636
84048977
-18820677
83639110
96638600
85298121
-29711307
-16446598
45295703
90243045
-67485841
73307758
26996789
-19818894
57310900
58979850
58254948
12384908
37615016
-22084944
52648334
-46017475
-24056282
-72067484
-1824034
-82047563
-88168158
30022212
-41579967
-1209126
98307971
73308208
71913827
-43551951
-21526386
84016877
25281736
46170972
-4256880
-97406468
-25084023
70397268
12689317
30805354
-51263284
-62731236
8755015
-74056161
-15422986
-38297157
-83084688
75600258
38542463
-95992919
-31726308
13418587
46671398
33424441
-95071539
16939699
-56079597
42781284
-37304997
-26387654
-45453665
-23939604
-91694070
-49601486
-25244933
-26459832
8790133
-49695771
9951981
52120004
-54651006
83661917
58186522
-32959248
12138209
1199894
-45104615
56675630
85336455
-24318267
2541532
-15506696
60355380
85432129
-94041742
57246033
-31354522
51243823
-55260587
65959858
42620666
-2231256
-93812649
-44019775
-23673329
-86531147
-53309196
-65146075
-52959484
-48153707
-81848929
66273725
43974072
-22823595
-73482634
-74331483
44040823
-31548902
-11749019
-12991208
75083378
5410252
-36777759
64708146
-70725672
49403358
-26735112
-15967084
-31817509
-46526021
88741782
-9463483
5248311
59326390
-53748629
44248704
11652108
2216186
-76366031
82993715
-95265306
1535129
44871340
54396295
46777214
-74960949
8655734
95467675
-98495677
4311127
-70326842
-76292145
20125709
-39396918
-5565745
-56714671
-18213974
-41023325
31840740
-55819004
-76319643
86164924
-32615423
3514326
11386549
-79933392
-20653691
84229073
-58568566
-45003599
89449558
15859689
24716886
59620588
12040624
-84707093
-92787161
43965652
56881043
64754853
65893817
-1953677
-40802713
-45547751
-28489920
-84875433
-43242455
-84831146
-9835773
-90547985
-54373653
-18403106
-74540916
-35335513
72428437
-99336913
-58827609
-29840254
-53756956
34392795
-32856537
-52371085
-1041556
-51492245
-91248702
-90627103
39941350
28352492
78097124
24073058
-39484616
87045316
-13789419
-57363319
-12362113
-52125619
94182288
15918063
9312858
90679706
-57061133
30594294
6844049
-13620813
94288881
-79432201
-4155663
-5921445
2113445
-66011869
-63530130
-4710450
-26259171
36465821
-78620075
49561000
-62657101
-59006273
48714132
96296476
91686181
55576900
-418594
-12045087
53873889
-95523824
-72239477
83474506
-15823001
-91140832
-93982578
49367688
-43975547
7470443
-4001972
-45706120
68638921
88241710
-30055038
-57709685
-2728646
-89851383
73476992
47507617
-87544020
-39336487
-56548601
-71435024
-88329899
18250355
1715251
68834996
18019623
46700076
-64794262
-41005898
-87381928
90001611
-91234488
-6946835
46014294
-88033598
-35957222
-86553677
21644048
-12224301
-71182045
99663884
-43488428
-33575077
-67995635
76190678
88712175
-32568087
27188315
-24174104
46355998
-74807327
58557701
-92936317
75864572
-14715767
95681182
-95998855
65160661
-45991177
36466593
-57666693
75229935
-52743414
92308474
81239161
-35960639
63682207
11052537
30701529
33328465
-34398709
-98940900
76117607
98296545
53354210
-93612875
12492788
-19779886
15368544
-70717699
71379217
90456531
-31670491
53119745
47429127
-92658645
-29358038
-46642644
-5045257
30376438
24321395
17922711
-18469567
62407860
-74569181
413391
41142515
-35973403
-99127995
94967728
22927478
-43804753
81858824
1848634
12372480
65678058
-2104900
-81329714
92738906
-76859365
-67124607
45464633
-6893451
19421828
3342303
37802718
-77960340
-10897089
63616946
4863421
-28985284
14879913
72653455
99260124
49882604
-20629011
-57064659
41428211
-60603090
95346112
-62512419
-54178802
-10887084
32554072
72186799
-87419894
-51950422
-24365286
-66111683
-67550856
-59387948
-20725659
53581046
-74195237
850734
-8511400
-26379856
-12636469
-14562264
-56908696
-76387915
88669206
-28655600
-62777250
48063175
-26163762
-35875352
-44390684
-46295169
-84788312
-80630049
-52327107
-67113306
-94505577
-32413309
43474802
-57219451
-17013908
19963087
-79165227
59075970
-19203735
83066025
98177692
-34178725
50922890
-3726869
-77925749
2008693
95920212
-39405017
-96717376
-51670023
-93465051
-74909606
-40485024
78123972
41004105
4646232
76691825
-79724628
-31978231
-13773372
3611346
36434826
75396365
76508474
21914826
50784776
41481416
-44238262
-47151242
-55527766
73208866
49273762
-88506957
91706441
-13116600
-94784962
32988159
-77646776
52872559
35468316
-63881479
-58573569
-85457857
-21928151
85268579
74090927
46967865
-35123743
-60667917
23095004
95118610
-82855218
70291236
-88764482
35456563
98420879
13209861
-73503454
-41281040
-35102711
31915663
-51744325
-23225294
-56387677
9473136
-12530412
-17258416
59792624
61749712
3956984
1207739
31863968
-1023443
-42531093
16889953
12685117
38642652
-49959886
-79560580
-88222092
-48066771
8073004
-6400763
-91071992
41781333
27614983
-66308824
29839443
-23750722
-83899623
68575616
44035779
-10203423
31507309
-56823777
19875828
39539676
47223150
-21792844
74477296
66983678
-20720160
-29046964
-64789228
28168556
-56375771
-6807492
-54695083
-13220094
43795012
-56784095
31193911
37806325
80554999
-62573145
32551368
86086883
452263
94137825
86429455
8335826
10980383
24486352
91389415
33398103
90633037
50376054
-91494935
33799663
58313880
-48247669
-75094420
43467958
35274768
-39199183
71771743
8459409
92037999
-86022790
-85399730
23576518
-90635998
27673913
75278116
18384873
35665195
35041260
-33207820
32326274
-64242690
-36773536
57746537
19659404
23841358
71092455
90994521
-41441698
82321443
-54766671
-4600083
59414203
96447053
78147921
99671359
-50010003
29014252
53925332
-99899839
-97851495
-9281114
23555313
7429976
-56028146
-78784432
81640326
-94857079
-29298123
-51287522
98086496
-80623261
-56149461
19758418
-94324443
22030833
-66777399
-83688179
-85348146
-24371380
98809685
-81494954
-2616893
-54665357
-63969917
-79223208
-53373924
82714692
22386446
-23654102
-11344254
82360113
99354623
31108188
85883375
20677137
-10278907
97194018
-17091355
-73312715
71872613
63076078
-7037636
-69792478
34442623
-40296039
-23986018
-56656259
-71718488
20310203
-9228992
80938602
51764992
-14935575
11267608
75244449
-60239497
75850401
-58509998
19186999
-31299572
20977288
39974466
-44352041
98217748
-14485580
64264673
95013342
87415093
4291242
-95610465
9498682
-29611282
-16766152
-87959801
41629821
38361132
-88631059
37010091
-33407048
31380236
-14982866
50632018
99138149
-57979163
-93788692
85218840
-21621294
10186397
12385581
-90288233
-94426893
-17446253
-39214686
-38691537
68088173
-13377784
-57302873
-25446344
3792076
65855366
35747000
-93347470
50026083
31726016
51552454
-41866216
6882676
-82640195
-16543395
-33779551
68679600
58367763
45622358
21211109
-92811607
74328770
87330759
-3638511
-2472202
-91879626
-8211282
6438916
-97284743
56528519
-67768900
-56906523
70528772
18138526
82070269
41035902
-69255940
38638669
-27327056
74699429
-81213476
-4721876
66143241
-49748393
51573758
40903824
-56069733
-6179883
-93656522
-62710686
42674706
-97813399
-31680244
-2089355
60253355
-42030788
92741838
-52276547
45946646
81184476
-78737860
