5000
-19699912
67803817
-56645075
10349252
95252295
30745262
-37366018
89516973
3791513
-99985223
52432291
-11116878
-31855819
-21866904
-57035410
-26690234
-30696694
-69188919
-55877873
5011640
82490520
64517373
35521986
-31688764
-70754375
11856086
-4816029
70724198
43153327
66151401
-9237080
-20064532
3934465
29398506
-95035623
3365410
-32606274
-56907657
7720417
96277805
-85834564
-88398822
-23337086
-62632816
-37420788
-89882305
11592464
91921627
88364278
78655520
34739021
54280908
-68263427
-12052705
-90047845
68266102
33110355
75256576
-22849395
-14821571
68639984
-70527277
29893254
36194735
16174922
49304083
-47641072
-75347128
54460597
-72166241
-7611895
-73912563
49529066
90064320
10602394
6256033
19387055
11351834
-84150272
-43016414
88834073
21668790
-51472398
72781774
12405584
-9989509
54731728
-73219632
64203747
62831522
-51903400
-10938540
-43776403
-22126854
-44213409
58560461
-59733798
22461596
-97895406
89390382
24187105
7750830
-88803104
-4241858
25107975
-22985131
-47449852
54864915
24972428
-20804063
-51855573
-9824270
64154169
-35811108
-20807485
-36135166
-37545962
4491276
52552492
88832584
-22940958
-88278688
-49616657
85655025
-29077127
-33201488
-56597935
-82653923
45568027
-85207515
98959364
-34801963
55752929
-61813593
-11235892
58773472
4824560
77776505
-62925482
64501268
-52922733
-33336745
-41397835
40674711
-91849582
42397163
9544976
-96429272
21093969
2860293
43309934
30322363
-42394182
46250875
-23112956
-63178735
53419454
-43003502
63124919
45925151
35134081
67645703
-3177252
31477420
-55740189
-13522877
75981053
64345396
-98197207
24223818
25052840
-20623905
-35307030
-4521976
92916623
-89281690
-82551020
18891005
41153811
-35939890
87455210
84881313
16112653
-38922870
28130832
78163028
38845138
-13632538
11707414
11717214
47082761
-15568982
-14186970
378194
65100033
-42802839
-17009852
-6824140
34601117
-44929544
-59820542
-7408344
58340151
62180287
74156121
-52769137
-86768530
37739048
-29014597
-4157307
3829554
36077425
26114371
51367301
-45400361
-81371358
20056839
58912343
4923762
44553239
67657389
4009416
65581124
54750053
-91508188
-51535494
-93931685
45253683
77750299
22342180
-36183478
-12803080
-91729679
-25517901
-49151346
-50967429
-54619090
21557510
-29896421
-65821166
83096332
-70308713
84716079
35480963
12092176
-13062607
10962311
-26377988
69844547
57248272
31172373
-20184031
-39676410
3212123
-87889764
9430804
50887196
-59470348
75658702
-51627962
3855913
60443837
24900301
43337338
89764447
-15921088
94705471
-31582508
18503114
-10759995
-17659949
69561916
-3406937
-88411816
-10514090
14133102
-35026776
71385445
-47668667
-41092857
25947330
-93070488
-8714352
95343708
-46031189
3140606
3591920
-75111196
86249309
-35964296
50514018
74797198
48763738
37055355
75200282
-97979403
-94411302
72106999
27442783
49873827
-11884605
-55354602
3859735
31099629
82764459
-19055052
-15493571
-66413652
-25461763
-36128096
-84747459
-21500004
80357305
-42097359
-54957264
-57827279
25808382
-50718673
-91644242
-92786553
61071239
78475527
-55152837
83855364
-50238676
97570767
35486667
71694414
-28777237
-54683170
18791322
-80559241
58648681
-52605366
12736129
12318856
-8610844
-20944427
-40920313
-12885777
61043019
-51944517
-82413439
-80897861
-8961620
540694
50617129
-53988631
48787903
-91986343
82810234
-61667654
-18431345
-91762148
30841187
-86935923
6612383
-42159579
-29139969
85355956
20420865
-172273
-24608067
-47918997
95934771
-78974499
-34151708
-91577455
77642072
-69139892
-78693632
23158420
-16641610
-9876614
-67738558
11367790
16476590
-28966961
41582539
83245583
87482653
41473965
23602613
-28803631
-96784106
65045416
-70736749
-96982019
-81648515
-54861333
-93972465
67527331
52510944
-89146486
44624739
-90219947
-6445948
-46366790
53362138
40125198
32224366
-66475903
-63814429
-65878973
-69252404
11855150
61559237
18568736
12524123
-50104795
-92481301
82802995
-24180382
27151666
-78043553
48749349
-45471956
591235
-77371814
13255710
82636928
-95952133
18892504
-64392872
-93076139
-60895674
-60807295
34751015
66439739
45938284
13757806
72559560
-81322102
-73653527
-59358049
88703865
15650674
-64271695
-40456813
12944319
75493514
16347185
-85846436
-68046408
-24298751
11199066
-54065129
-22943751
14414030
-97425029
-2409957
-56555445
-71088663
31162342
-51417395
86664351
-82188048
65416163
-59221800
-6084127
25535385
87700524
-11468330
-144666
40196134
10541375
-19085462
-38462476
11236475
3319813
82984312
97661755
-23037529
91429098
62459710
-63411077
-26226819
-58668530
24178639
367967
62713784
57980770
4908782
64243690
61561539
-58021987
-64012130
67667224
-16854106
44463673
-81119190
84539145
8729730
-71757680
91729833
-25394364
10315942
-25033148
-82677524
99387653
73900512
13868690
7859478
58542908
40726732
84304911
-42195274
-70054269
39213624
58382021
53127723
-52405080
89999946
76497627
-86616449
-41055608
-32907568
28622037
14362609
29727894
66480860
68513041
-26206829
16757556
95908100
-19997691
22219400
59008758
-43673625
80681904
-88368759
-99218910
85553218
31389695
-45468350
-73185477
46988845
-11485298
73904806
91051566
5518565
-42940922
47700801
-85161833
-1247923
88116247
-10579845
-74369628
74422814
-58904348
-12389094
-45513996
-61095336
-11042585
88628114
-31304013
-94488303
32921055
-52486874
-62925507
27179199
57882750
77070109
-97249963
-69735959
8024945
9035607
-29757552
-47479796
-71865496
73800470
-76448020
4458120
-72251965
-19977434
-92972410
-85620749
93295416
64128388
34556780
-60638898
-1050967
53681127
46373196
-87260441
-76033620
20858595
67991671
-26156978
-36677598
7791260
48339372
14502753
52609141
16387735
58625239
89274432
-2425551
-68509718
44655080
-61949509
11634701
32285277
35497904
-33733791
53057781
78708521
72519220
-92261659
-52267394
-35355519
-78903341
-31202575
81931646
30209394
39493458
-95913695
-63430314
-54718683
89210564
45014595
14549698
-69699593
-67828605
-93902552
-59360417
94534287
73200439
13952328
-69140914
-16215560
-91552883
72187529
92206788
-7337348
-72905183
-18420584
-10217382
78647262
21681776
-42010270
81117992
65428543
-8732262
-35186339
-36439267
14898220
60948745
20394510
-70234621
-74971650
-68896440
25056892
17574847
58235275
-50345017
84231059
98193770
-91826321
-57563122
46070416
-25010189
-40406680
85562342
-35478075
-75275707
-18680362
49636160
-85130522
30281970
47186727
51072759
11239591
-31817475
-35096413
47080826
-45657716
-81476702
99914121
-68860207
38748884
-40697534
26726394
-65461503
-34757467
84813567
94944425
-50342583
77766385
64683793
949406
-20270758
-80039808
-88048063
21636659
-20628468
49598870
98320101
62665501
2553564
-23535827
-15701103
29067633
33831015
63501566
-90918542
7755481
23966233
26342169
3186718
22743287
82895186
-28111418
-18554097
60537765
-91600642
-94685290
-94179442
66166534
-19279779
-12408543
-440315
75626073
35612755
80594373
-95424135
-25692852
-82159711
-50097758
68841692
-79336771
-30268258
34447185
-1524566
5958412
60751758
99748889
-38437313
-39107264
-75011242
-38301807
-20223100
65460107
-18781122
48438357
34626023
49311438
28076391
-78026527
81454012
61107158
-25040838
84765909
-89963048
-60089161
91037497
17254455
-82169324
57479109
-68381219
90239715
69331897
-43067653
44105022
63178920
14954617
5675668
-29537605
61282931
86106820
54957666
-89935009
-53014479
-50220694
-6529695
-18475350
-28422595
-32310761
81578610
-25132021
-99621419
88082042
-81758148
-21006754
10873492
-74078483
-79372887
88432775
-72669162
-35509688
54550936
-39972224
-10096796
-77295619
90123080
22268744
28413139
71958861
68296788
66387791
8593308
82494640
-50403657
10941207
-43473675
35655020
79720604
27878422
-49366673
-63352081
-25228356
23860141
-81835835
61448319
-88844384
78742688
-95054860
-49998803
37235934
-92022609
27429982
66564234
-96231299
47898909
88648659
-72084081
5794290
1951774
-86455092
-37352536
-65500075
19447578
-2496112
37434712
28668083
76851862
-38585715
71592717
8646271
11978373
-57321697
46434660
-4560926
-6566337
-37567817
-29045377
86101891
8373971
43761026
-8808965
-64095297
-91484050
94950380
31731855
51253288
-56611804
-64849901
-9705633
70211398
28648962
-84491540
-33630912
46749871
11484870
46188251
-37223363
-65616345
-28033652
69262159
90762931
60963529
-70103136
-8511804
-39978964
34330940
-93466908
-31894615
-95422307
-80099692
41755226
72115347
32898123
-50672259
85312465
91836381
-15901352
-39130012
85114958
2609782
23014646
-32275607
-12618429
1048221
-23905626
5427215
78603313
96369568
-79501167
85548898
50542940
-42640982
-83345030
53358061
-26638745
-58544812
-11804883
-7453009
-64705966
53262380
34740134
-71641792
-38891176
-39083040
-25939361
-99319039
23653654
77479949
-66110091
-40024258
44331699
-61430746
11045570
91730944
1943651
-28993500
52754479
-89824881
2304896
-60460932
57398802
30335812
60627000
29696835
-68352514
-6570864
-86681690
30713924
10260602
-77674360
68056432
30941353
-12053961
63207155
74076961
-9076210
-25833259
17007776
-84766690
-66012102
-97791782
55078747
44536923
-76926279
-66140800
-85590407
-95533664
-53732898
-18504030
60198369
-79502072
82657056
-71658448
10268151
40291424
-4819714
-66571401
-37152880
-21774329
73660132
73176943
37935191
3261398
-63511208
49769534
20503035
94185200
-10242777
21354944
-20403268
26894926
-17185397
83590814
41732678
41201174
-75271386
13742085
67954922
23547610
59389900
14459603
71690917
32993928
-97377524
-32191032
-31669249
97220029
7244722
8374044
-61652194
-74868028
-51262530
-5458981
57412362
28478903
30748346
27642974
25690091
-81924976
-3206486
-50074151
97959248
89487579
11387601
-75274213
32498172
-15098129
68258626
16784858
-7338458
99733732
-7799234
-87603018
-46114172
26440334
-53692506
-33485193
-25963256
15186338
-69320429
-1751955
-74789267
-89534695
-84999214
-74653948
18288214
36441208
20345334
-39624257
-33480196
15001086
-43531027
-61463665
21573765
62663912
89248156
10475181
-12024510
86400182
-99705968
-8965618
37627061
-84521085
3662672
-83672752
-26085867
71392849
-38031539
-8679207
-31333234
-25932389
93432862
93572336
98316518
31454724
16721649
-72298941
89661824
45130387
80866339
92497124
-86640717
-29958410
55143316
-38822264
31896966
-40373424
-87159215
-41965179
-12294470
61605480
-65034953
67730856
2205395
-87220183
48978322
93160339
13547281
-12732157
-84864882
75728164
28931781
62659966
-57880840
-9327916
54491232
-98213600
54073925
55070973
-61496773
-15211269
-12903914
-95571527
-93551868
-16591304
-17111889
43870014
-22925861
-63217643
97113584
34707689
20834623
-62100562
38748005
17770646
23097374
-42026204
-15004300
-52336977
3953051
-5316207
33744220
-79407766
-57495173
-10632698
24319714
-2582934
-22768776
-30048066
89155040
-2143673
52983643
55434239
-75105806
82560101
66948279
33503742
37140834
-5294119
60714604
-87301502
-21659212
58828118
54747122
-16035862
-40876898
94114117
30991603
-47862369
57865913
-57838341
25452714
-91799951
46602368
95454964
49787373
55343659
-11746859
25740593
-43027084
57106850
-21766994
13368872
85726679
34636326
91089168
5729649
-50774479
-77134957
10800303
1167187
-55860244
-42942602
61290614
98422682
-73142938
98059016
-30292857
26948126
31148226
12006112
84446531
38813779
37058623
-86400404
-6878880
2737127
-3167294
83590067
-2358566
-49087890
-184539
-74179797
99979204
84093232
74175965
29096977
-23383189
-61270639
47743736
14953163
49734773
14259723
-89573011
-60094851
68046569
92112759
-75645917
-97322428
50519853
-46326113
56073444
51017194
11945923
-68659669
-16110957
42871191
36846066
56144152
26164928
-39645533
93633116
-91671574
75876179
-61492311
-49111797
-17739974
56997952
-83944958
-25221298
-72723253
-35215513
-94670815
-25150463
46543923
-92688152
23788824
-74122263
29008934
56878143
-92516179
-81916969
38215315
72212552
83641111
35031445
-59630453
32190989
29744724
26262749
-50687650
-71480951
47230614
88646861
-82262244
73298730
30168478
-65166178
99466559
47474200
61737179
-24589304
98529321
96688555
89026626
-90244035
69494048
-52082678
-21503370
-3484924
11789332
-45120122
-51692461
-69695355
-41522402
-42067825
-56473039
77410184
-29935367
-57791963
89589708
79572593
-23810131
-69893460
-4910829
-83286599
67951475
-32666081
48529451
-22824678
70905741
7177209
-55867167
90242870
3935145
-47464538
-16988240
-72698283
95555116
64698090
88911568
59150019
-42674475
56240589
3906016
-67465570
38100999
-75930998
-54784800
-80073923
-98779079
-87476100
-92770402
-75439585
-8015501
-33499042
-1690985
-99950123
-12928566
15182446
23527933
7480922
21957708
90068133
93766762
2127630
35677334
-71952407
26613100
-22386500
90006476
8912846
2166607
66429147
-20554159
-39765895
90022511
-10305569
-26121082
-66269896
89421146
-75537600
75900620
-82508371
15580360
-40354659
48300481
30827002
-87084374
-98062535
-12222573
68079585
69533024
61124321
64796452
26125587
24552605
-92465006
-83206180
-52725212
83475590
93210313
-18166632
-90584229
64948710
-97142034
95455170
-25763773
-2120747
-95815246
-38323783
-58381991
3027791
34583600
63588861
35071996
-99207140
27404096
80600801
-11395134
68027901
-84229748
60344462
78317256
-81397184
44372391
42922094
65004684
85385037
-72875911
97371416
-24796801
-86719021
-66973247
95762243
-77016438
78458061
18366014
-62030065
84668396
-53830335
-12373881
90161449
-44845150
1143574
22131935
33616255
-49131321
83083639
98097445
-78628893
-72652253
-23589293
61279735
-75445192
54657823
70208639
-98800629
-92239744
17888541
-9502912
-87757427
-30066324
24356151
-93424191
60677582
-13083849
-45246843
-41719890
29988126
75732855
71393195
-13649864
-52313762
-22617531
22399416
79120434
-56317158
1200759
85603810
47690516
94836159
-11290691
27166018
44313352
-9323875
19326365
-73803379
91607739
76169616
42555067
-580138
-4564227
-6389634
-76993659
15689924
73738028
26676801
-7733055
49181168
-59566663
87731151
74026498
-78980171
26540422
44540024
99055578
30128767
-70702817
21009382
-92633898
83352270
-47545429
76622000
44943039
61893235
80022458
11730789
52907916
-59864378
-83461401
-11557955
62538507
-93488796
81695175
70581558
-16933046
83310120
-980297
-15321260
-88021849
40768622
77455289
-76689016
-75238851
-10339288
-80204705
7206944
96802336
-62789775
-36162518
-78970285
-61633492
-47686941
43025907
48502137
-82346787
51197936
-13929628
11099503
-81412028
39680347
86017665
-63854572
73937664
-93081980
80957993
64999406
94362766
80559019
-94137715
-85588906
-87778261
28850153
-84701323
92461173
-51748457
-25698690
-24336513
98013301
81091357
-47707088
-39125641
-67829656
5337026
-12427147
-90703170
34230445
14762385
-33932000
42241854
-23051647
-613448
20846016
-38023554
-99639823
-38058831
-47345577
5383771
34557020
-3398335
-51557542
74196166
85281913
81157259
-31724549
10895136
-65205188
-24469730
-19080592
22211308
-38245543
17978988
-94333367
-23075256
-16411717
-81631780
-98111402
34120193
-92400275
49767606
97944604
66701121
37434696
-24073828
63210856
-48921758
43278819
-66132369
-89324183
6159069
-39295466
90731250
14233449
34317536
-56645611
70924675
-78960857
14910443
64405926
36619012
-14323425
-28809539
-31475845
42983020
26238607
-57796813
-96489852
50793961
53489307
48980619
-96296607
70010104
59759062
-42326415
53055675
-5126853
66185108
50461267
61928662
-72337245
-47887456
2331974
21720759
62954846
-12028939
-98250281
78012129
58182020
-65360089
55641415
-88607673
-27637020
88479923
-30986857
14705749
-48248404
16641758
-25135502
82699718
-94302599
-25648806
-15690250
-82864355
-45442344
56613346
26568376
48137860
58296062
58589516
30552064
-30246058
57618752
48381428
-56855392
59085635
54189200
6970199
-93265694
82120481
-65537746
97030579
76978821
12862747
17603558
-40222748
88379135
54375081
8138873
-51591244
-11327688
85771162
-98366056
50179808
-67389840
-30399453
81564910
30652078
-69134624
90224781
-56244128
62164420
26148874
-8561803
46969049
-16319415
-72337536
-532803
-98673061
69443235
1372418
-10174160
79580746
35992530
34434104
-9855881
25185927
86241052
-57881932
63768897
-38049736
-17888001
-14327801
-15112898
18488193
69559450
-66470857
17976525
55608423
-39893703
-78040897
29724476
11433588
-11837828
70657188
65879873
-35861126
3742904
-37980884
-5624933
46064338
80950860
-29772484
94578790
-26545238
76778477
93009221
16746221
-41846777
75250517
-33211196
-91465679
-17046990
45984226
98845537
-13584063
57118519
66538299
-64082364
66104731
11117426
87144689
52833345
-11374827
46042745
52203309
-65405591
-62017153
-98676240
9326148
9235607
-88858855
-48108376
4135597
97110917
86163169
-70465201
23311376
4262235
-99674864
9802662
30041622
-72122891
-4252802
-49216118
-81614415
25884396
44330449
88437180
88946828
43142972
23896919
-70935805
-14441697
-70682027
-45039041
-96086770
-60095854
-26834208
-74064615
37663245
8804842
41768104
34486482
94356834
-94799922
-85502740
-80003104
-82335880
-12034426
-38168704
48368576
-52638016
30965293
-35801806
23279161
-74430081
-41052745
63929722
-97266315
50776128
-26337688
-8692743
-90693294
-29466852
84814919
71414646
-19703470
-94748020
-54052023
34883376
-8818922
-36575917
-92793406
-493070
-43799162
58657643
-2901091
-37652259
25275532
-60611230
-4270353
47225197
-7152185
22021566
-42345719
-91036121
-74137800
-37721524
24432283
76260359
32777352
-72886533
61505360
7110663
-92690365
-26343135
-73370969
72835276
44790004
-48980349
-96508602
-51910034
7574393
-28926192
-73937652
-12721465
51723744
-58442914
-86779900
-19128904
-82530190
52005196
-51943801
-69557904
-93776891
88884044
5656215
-3122520
57108751
74988021
-43980561
-78670970
-44876572
-44013686
-46076283
-85095480
24563670
59950820
60785043
86460966
-65997216
92379451
-79415021
41318715
87043433
-28672889
54107067
80531344
66384093
75509997
36303950
-32925628
87300303
26167563
-35192737
97252756
-62869161
-69670677
-71032590
-31272625
-75529788
68539435
45904070
9586439
-14546108
80834651
49620499
-68737372
25336387
-50691665
64210910
-89186231
-929580
64958912
-21723591
62698276
26923309
-99459089
-34414237
77111925
64331501
-38474782
-62509894
90206398
-22762583
-8893097
-19429409
67606917
-49686010
99468786
-54652365
-34085833
95963904
-1693615
11341480
-59131681
-98880516
24963940
-20932637
-87459803
39402777
-41737271
-40905151
-86395236
39425316
81532186
83355863
3066283
5564524
41782818
68259918
66315263
65163150
-31306154
96005568
-14911031
-94994320
-77177365
91541578
2543228
-51605022
16010487
-42833030
-60585341
-23461248
51930971
53927827
37502267
50112720
-32637041
21527957
-20659510
-5351735
-35916609
-73137732
69664123
-89108814
57258058
-71032669
-20910833
-66409910
88828115
-92635204
-32639658
79488113
-79657791
96888761
-3419200
-49272661
-25081784
-92577462
-98864803
14079465
36168843
26963627
-60282641
-402767
-70366322
34243415
-22665926
66046339
-25416706
45943742
73396455
-74210912
61971878
47358794
30920850
-21841094
93461482
-27117492
34299097
20165358
48228812
-88976372
21393291
89090755
-46947334
-77243059
-52323145
62918165
-62036232
-4532871
-69769781
-20548733
36219410
12149331
17274886
23191950
93078001
39370723
46324164
-34845584
72887345
-50084301
13277133
-18734717
46844491
59627608
48629638
-25391009
52676741
-21121530
-65385984
-85261898
36080170
88306593
-90781824
24412131
-50235127
-39753325
6022836
-56249512
50258258
-57959197
-32929842
-56341873
62484269
-81930300
-73821184
-54485806
54347414
-33020841
-44290056
-30623369
59297949
86963381
-96219263
-18793264
-91064728
72723363
-9451069
-32739905
13805942
-33701307
-26888513
-63648475
23821816
-85269910
-78805984
-77860649
-44211073
-72855910
14175725
5788431
91665809
-86889158
34291710
-80697793
-6598125
-46081326
-14553519
-94046499
-76905337
-48542536
50653103
69936344
-80712826
42839982
-13362518
-62373285
-41105283
89931805
-92251538
6049733
-47683829
-70384598
-27919852
59642070
45542508
99095596
-69114744
43165465
-24793062
72390375
-78909738
90980914
91811289
-98604362
-17868911
-62906768
-79099472
5848564
699032
-17319364
-84801226
72074432
85795306
-97866992
48943807
78086349
83834727
-60055447
-64678736
4488327
80476854
-88123570
-65764619
-86997386
89051054
23920082
19926485
-6225789
-73308356
5947925
33131603
-40648209
85159832
-18018563
-88958407
-35823902
-47763655
96496725
-25985563
-74035813
-38069978
-32198169
94744753
95365070
75777541
18010018
84820000
300798
7537897
-50849415
39627518
-70226425
-23449788
-92074784
69044069
-99847452
-83552400
-56392584
-10880745
-19159952
55319103
-77327707
5432413
-84605345
-67341247
-55929099
-72283072
47407128
-52025333
-33582684
-20511395
30879805
-99259594
-76662558
-30019661
-89755478
86640754
-57126694
74432752
-55369002
-88391679
47012975
-60825733
82619504
93876332
90875485
27938137
51558617
-46243394
-78518202
93298814
-38674016
72520063
48633393
-36286687
8709570
-12108381
33894161
75545277
8790157
-85915278
-68550655
-85231413
15178965
-27475012
-62086627
-3514651
84445394
77748798
52879143
-82056829
-27764267
42862265
-73556055
4173728
-28128982
-8139634
89633794
23977673
-24053726
-20273405
-96817929
92048522
52898716
-43337977
51341582
94951007
71251282
72370288
-46830248
-48017499
13886303
-29252772
-1845908
29435775
-53600365
24834979
-84404562
26406563
66945384
-20771175
-98247920
-25441649
-43457326
33738406
-25787075
-92563997
47889142
-81691012
52120100
8830821
83924663
22693098
33444149
88642123
-59792448
-54304843
-59126604
50551054
-83993263
83209608
54486767
26792724
-59594097
-3136685
-6354765
-51221452
85064079
-65614261
-97569284
-59808146
53555964
11613432
86325317
59502815
85483736
25159804
-78361485
91052115
4341269
-17376676
84640046
29719870
24910214
-36569471
84754937
23266111
20211479
-55564887
42386581
-61156659
-89962210
60173060
59219678
84511252
50380778
83118917
-9162310
12695644
79177039
72059359
8885694
83320571
-86903226
-11004338
11973068
93159030
-30214341
49667375
-87290670
-33076044
50157245
35296097
-25266109
91867844
92898994
32174770
-41829807
-43905969
12365523
13504144
6424101
-75780517
54289616
-28339995
51546946
-50299881
-38062174
-69965354
-7980700
97053610
21454490
38907701
28903339
-46834015
30757622
1293628
-3087877
-20832572
87325009
-76725173
60947907
-17703996
35188903
39088172
4527802
88329680
81821923
75561389
-50955965
-35840883
17964147
45431194
10410617
-19640989
-57553805
-92685132
79956660
5170562
-71105966
90494342
-92842939
-21541916
-26921704
-23794090
94047167
50766539
-52234237
45183137
-97910410
83063041
48907010
-41882875
49083655
52992530
-98254737
78223447
50964833
38144314
-23907838
-75692210
-92076484
-95224336
80208264
-14558744
-8380472
-65014539
47465484
76913540
53074378
-32697597
-95166698
22839981
-81365770
56898584
-5661722
73426678
-26799471
-3296457
30961708
65883190
-34583583
-99737650
9994573
-57568424
97530168
29468778
-18976863
-31248677
54916798
53428297
-38317978
26808885
3510322
-18466952
91248419
28916272
-18216992
28968101
-57741264
-91134444
-28895624
-60065479
-62027882
-14375368
95539704
12628437
82942196
-80054480
-24863441
-26286361
36869684
-48535911
848531
87381666
84109595
89298041
32672019
-73579826
27075967
-66768517
83138328
78746862
-24572806
-39081437
90593479
-3614059
-19474113
-9886214
-42062777
68228005
55263717
91303732
-44611890
37067492
-66126776
31083558
71319182
-3308974
-82696463
12707866
-43390848
-25635558
77260242
-4666851
-44357261
-13246460
83483664
36322588
33870137
-10088008
-32337865
7640017
-20124225
-81194
-94317549
26173970
84325493
-86793464
14400138
-82892847
58819163
63920082
-95469210
64460486
-35138781
7758123
-97991915
-92345298
-17815840
-66658910
56640377
-47412120
44082191
-61366785
-28801455
-93538957
-98181976
29015209
-16752241
43275001
39863385
-22699057
20870780
-33220259
-58509515
-87591043
10602526
38578085
-28631113
-26514908
48512619
-74810795
41420404
-96516415
-12071162
97711984
-59862226
96482283
-86448252
58090635
14130918
15120498
-97082427
-10696852
-49264637
-9997863
-98050630
-14695917
97910155
-32790432
-10831695
-27475099
-30465516
-16384611
69608646
-91887795
13488916
-61947525
79708978
12095926
86464336
61524227
59767570
-49986177
-70863690
6182357
-54995599
96241722
-35247320
99545726
-98650119
-40569519
-37770
75360293
97045467
-31537820
-39844443
-50171085
86555959
30092371
39013068
-94381521
-35111886
53986417
-2004617
-28570402
-18977592
-81802242
18611308
-39171111
70098913
6412424
-95365756
11171805
17222020
22740948
84759072
-89569866
22827130
-90990427
-51452146
-67681127
-86616479
-72955576
-15637722
-15161945
6518043
-50757993
32486076
63236440
-18007433
-88657052
76315997
-16362054
-47428657
-81526747
44054256
20949918
-86271236
-41460487
36752414
35506551
67326974
-61658265
-35011533
61163266
-18027345
-84335557
-31393593
52831853
-41392180
18163731
27142547
-81618715
52789184
28843130
5434541
34868466
-56893291
-37118839
-30361569
-94590776
27680672
99144459
-34358853
-27343432
2824152
-10152990
-81671921
-98983991
53332907
-55344394
-92047708
39222869
-84898814
691066
25400706
44710758
86419987
89242575
2395619
64125245
5746014
18083099
-22850678
-79970351
42609593
66589331
55554642
-2092870
22327499
2935377
99563265
-74684380
19682781
16953177
-77086722
-69594016
63518398
-50693633
-7585867
58822991
-78136186
43284132
74608352
-19524368
36030195
-74791884
84490424
-36529172
20258002
-85858827
-95405266
40066714
820146
-71859877
29183548
7805136
48016879
44623903
18267814
-72618574
-52590669
98306840
-3576662
32005516
28802402
-27910407
-48704237
-72183717
-72459544
26417170
18301400
-57567696
62313015
11090679
22238568
11800408
-87119627
14770143
-53344140
-17911659
78410582
38529237
-17145517
50969144
-71562753
-4872698
-91034131
-84687746
34756348
-85006603
-7115210
3194641
-78812600
34375972
37557363
-64435061
2722838
9438514
-13996029
28395989
-55393890
37805133
41871025
79629886
50960809
58256871
89705414
-51300528
-43269178
-87087764
-85506629
-77662939
62699790
57323650
-82555187
-43673402
-84871630
76368079
33299566
-1319585
90294280
76726237
53180197
23063363
2268936
68830680
82355483
45577552
-3194720
28647633
11204709
65034944
-12192867
-97467031
-37357562
-38804326
-9803801
69979371
51455464
78292378
-55613151
-48739365
68881441
50583733
-24137417
20241946
-72403046
-82024755
-97208411
-56137577
81476902
86099526
-86921485
71146183
92743329
97279196
-74841670
-74845265
50054055
-74126276
73782393
-30659718
89469794
6226847
-73038836
67863024
25515767
-89193500
-92869606
-21890880
61706210
78571463
-55339142
95142884
98307653
5644296
-4437298
-83623396
42536271
76748698
-52084899
82363206
-40391968
-2451505
52711228
-95718141
-87691381
-97466351
59826623
72237951
-41742241
93480825
-32249267
18677757
-70703662
-48433598
72359679
-49391353
-26797587
70657742
9861376
55890466
88157672
32672794
-38940589
-10847680
61795130
-90679031
85727661
-56306298
52710631
73619397
-6252617
-12721243
-38749105
19874913
45971407
68895550
-78884364
10157590
94545937
27720551
13922379
-59262483
3069275
-80144084
13138866
1125103
-72120261
-29955889
-13617105
-59658624
-80557801
14803514
48517480
54607082
-74705112
7190956
-24448823
90035560
22871487
-25995142
39351905
-47653034
-64144413
74100946
-71285037
-2388619
-73109377
-17443377
-56416654
3233758
-62377927
64661503
-52013968
71075751
-17904190
32902871
-46078096
-95716145
-21202409
-911686
-66968615
96457583
7856365
36753965
69289395
47914995
-93562016
68982568
-29592933
96325509
3641053
-97116602
93903965
-57792386
14516489
56656583
28381396
-35033567
-98955473
65307766
-73377606
30622512
-93033200
-52771286
-38374677
55241404
80791671
90071017
37140683
-97444041
35180384
-82654766
-41255295
-36701305
-815729
65298861
-5448191
20402197
-73633753
-45842549
-96631200
89157812
-45029446
71605255
21940912
26346055
-43994315
-9163066
-16719518
72069081
-32281671
51141820
99225411
85350839
72258828
-64641175
62945346
12401025
72381954
48639673
-17405172
-46087890
-91450684
-19357606
85987823
90754516
16538635
34334039
-41400301
71964507
682717
-82570333
36346213
70061331
90637373
-41988252
29978160
31176124
6760411
-8620237
-97814166
22988557
-33756365
-6283819
-70087247
59616529
-89464720
63457801
26837715
40470421
-71888153
63164634
37942920
-82060518
-15693367
30539748
-50519732
-46521088
21191279
-72430166
-43248162
-62263711
2728970
-40608954
44235342
21726605
42797000
611489
6925498
-805708
86851795
-99551217
65360481
-59265384
-3916259
75105892
-22991722
67287045
-43933891
84897696
-5747531
48477409
-45152763
62277157
-48998218
-11168710
-76850871
-4631466
-26813935
86129097
86476548
-29650652
43313025
-28138515
-64692040
32289638
3192146
53304050
-94424247
15282321
-75395591
-44351162
-43929626
73922262
-53310711
92681596
-29625985
-5083392
-11778608
95355394
94703122
7512187
-74682639
-83681013
-19616995
-84787630
48888483
-32678608
74229660
-51421544
47059178
-67455859
-94947746
-10945800
26714624
4102798
51337908
38297544
83448042
39424487
-59993831
68248385
27476728
-82754169
91715952
14622357
-87333388
-33982038
52793856
-98566807
-7336756
-55973712
-70540030
34103686
96274536
40884622
47316420
62317469
88091506
74325081
12186210
-62095365
-34372077
50344382
-81858783
-40573772
35597766
-80131144
68263154
66049764
89291667
94269344
15672027
-98440762
50467335
87630079
-15960870
-56029737
58933580
49849032
48848473
-2796004
50184322
-20125556
60371762
39513837
-54575472
-31811049
-92433953
-82201709
49906929
94615347
-74901095
56811723
-73692928
-7927287
-73127131
-1830145
83596877
-30368569
-94751635
94322259
16575283
-12401019
-40744995
71395396
11583307
-23746078
-14742600
-43995079
21940873
-32393989
28520807
48731264
97456508
2517940
70820788
15400188
78988664
-29631939
-39705508
-13029744
-41134290
-54341290
-21700006
-75070257
-89795110
-10025688
-72499448
49918053
11963992
22947285
93406565
19491162
-5549636
98201989
11827940
48899978
80422316
-95294975
22391341
-18844433
-37825608
17166055
32560873
-44710460
-47031535
6927919
-54922032
6588387
-46761035
80427198
70424780
36186630
47885901
-44240101
-8994374
4647120
-57219565
16037104
44537232
39032722
3512604
-18422171
-76576906
81955793
17573484
18562413
76364982
-19582456
8138794
-80844948
-42012616
61987437
-42558894
60089745
-33226875
-54721279
49729511
1744015
-15098118
-97074347
77253786
72864618
60682859
57781914
-94467713
-79398859
-77327652
-40593632
-27004062
58607326
219564
-8768256
-45073473
8115802
-24289118
-40952410
-92323982
25556865
-94045328
-74539994
29461813
79628977
-81774890
-63532366
78570239
64550824
228263
22179418
-15699596
3357551
30326178
69309881
-58237031
-17285836
-9715906
3516221
-78556678
-88326696
-997407
36422279
-87786123
43523934
74148183
16433367
-69977101
-76285262
-95456183
-33395336
1190553
-92183503
-45161158
-78220627
-10119754
-76484447
-91978686
-62912274
80190534
-51622173
-93389231
-10274795
-55951821
-94380604
93536357
-9064968
-93265618
-36789212
-50122749
72325811
87437963
-2974024
27372755
-84720164
-38895768
-45996016
78162660
-3442587
-59348588
-64742775
97805240
37940327
44036654
-42262960
7114460
-3426924
-62583734
31243262
43093388
48917728
-82613924
15025611
20197244
12012608
-27181667
76280955
60643123
-82365784
-41693037
7255151
-56743477
48804942
27890755
-72876157
94607464
-25805773
84926561
-58983236
-76021104
32368375
-44337547
-63681424
75141560
63021567
-95922917
-53159625
52340452
54655339
-59876753
40531154
77060261
57231792
37271172
50486394
-36037339
-17874422
68582355
42308148
71229224
-46642125
-93152945
34387648
40752418
35403624
-44341083
-12180073
-62793729
-24599297
-68140023
54504581
-78169257
95049184
-85817338
51429802
-12792390
25598759
53378117
68464668
75377434
51234543
-20457922
53341213
-83122474
37428174
73683839
71651090
-88723251
-63662423
-66573729
-69910821
-85239064
63645273
52905925
79611184
74622199
86175480
70305396
-37987064
-57235970
-70639357
72743370
60653871
-25109960
-54749172
-3882282
47582051
14265619
-87678901
38045693
82105417
19639141
-58920872
-72835295
-32776006
35747098
8806962
-86988571
-7445028
9807585
60410081
-83175093
-28065388
-14513690
-82067276
85478009
11952013
81973837
-5720842
5274196
-1317369
94948732
67810481
-27441645
-90503940
-22282432
-37826877
-37562412
-58753455
-49163377
-52585928
96934195
81967815
59477545
-75922112
-12224628
-53017428
54581371
-9143937
18954644
-24194692
-30587218
-22769381
-90719256
-78279599
39338057
-12843168
8627219
23736225
66319745
-5302329
70791262
80494651
-29845399
3457991
-25315030
45047959
-97211096
89969138
68027380
-68766194
97790870
-63121937
-37261767
43834141
-75240485
48659150
-93292726
41308172
39115967
40527516
87750724
-89213227
96772582
4904369
-45001250
56553702
53886523
-44029538
-47799696
8063189
-75735450
47522434
54465247
-28899231
7403054
25934353
-79522281
-50476551
85410554
-43574468
88530326
15651314
2930629
-11599386
-99916145
6778088
-99819583
-53029706
-37041962
-81425392
-66921040
86699048
-32405915
23457569
24590517
-64595015
42352098
-24727189
-45849303
-16221097
65210154
-21859398
-10478993
62169608
8561994
-89864669
-19038340
-80463644
-1268559
-56933306
-22757568
-4628436
20187054
32065603
-43449490
-32556287
86053031
55409200
91354956
53281706
-22801469
-79902910
48418490
-1102051
-52117360
-45087570
-64490684
-95046182
66541571
29524162
-93679539
-14158535
-54974534
91381543
-88398749
22507301
12561163
-37399422
-16206187
45107809
39238634
33872139
72989359
73792086
-15749743
82546038
-47517701
-32599556
-14113073
-24244291
51300374
72351673
-37889046
72909568
-95144132
98111639
75449356
2394619
-3858897
-96611748
10445240
15604000
67913046
-23031237
94934907
6134421
-16163442
44035123
61866852
-43191706
14445851
76340788
-89783426
50665887
90137156
-12380999
-59776980
-78008714
74977040
-91604755
-26088762
-66093309
51905223
-92280857
-43700578
-42146101
51624705
-79477793
-6062194
-85694428
-42443228
-76582733
-66842847
-98501598
-82776168
-49795387
6350533
-46147368
-78016445
6373512
17355502
-87733852
-60547385
-95928011
-8395540
98318676
90505815
6335852
-37517196
-76892341
70935114
73631194
30269332
25843598
-1981803
80291188
65390921
38111264
23513649
1038432
-84296760
-98519038
11046322
-44988495
-47608372
-14973577
-68144909
-7421979
5339433
-62197985
66914454
-62947613
36590968
-45623638
-13550139
-15792586
36571090
-21213310
-6099711
74389110
-575266
-87635746
-5521064
25250576
74217219
-59230919
21137349
49013734
-48400908
18545392
63384877
-80544624
55090464
-94399598
73358030
71892474
-23953179
-57003889
-46152435
-20129998
19497474
64229469
-23679768
-19285780
10588446
2866655
-8336704
-74695184
58450313
-12460932
-46664089
-73454293
41776229
-88245826
77726306
77185599
81456810
22569674
-45431354
-85215890
-59818404
1089390
58432148
72947292
-21975921
67065484
-55133719
85210041
45767035
-31193130
18683527
-72510222
-85502040
-28614013
-53518978
64457085
87651085
-12962211
-84284979
76120920
-33848576
48862558
-56819652
98149944
-7820306
-95841224
96296192
-10004717
-55167520
-8424695
39956716
-57684492
45397107
-76279327
48679793
-50688317
70810397
45332083
-67905515
-83116950
80498232
42339441
31677198
69825830
-89995141
61264846
69053268
-13093300
-75182107
-69314103
-57078192
-48997796
40195662
41623026
-89814034
-76483608
78248916
-11619516
65252104
-56961464
21107393
65821117
60970208
-96585959
74550786
-4479540
54747523
-1725050
7470965
-28416751
29440966
-90964595
55046572
43813253
-77448358
76527229
-92601726
25270621
-62230990
-65625024
-64742956
-23904755
14017207
87772721
92978514
-62006094
23591848
-31532434
-86477186
-77749538
-2458858
51448169
-38696283
-94003694
-46416681
82559074
-69766417
2206608
5329733
25062279
-59545332
-4500810
63564539
43921409
42820204
-18259791
24249918
-96436689
-3792921
24650175
-47060378
-17766162
-81034470
-75355468
85458294
68597897
15592682
63986232
-24938571
-8358377
55865199
91180229
-67897932
-14964773
97444988
-33013545
90677419
33658404
-68134693
64073059
-8266207
65030756
-1502566
20596713
-12502658
-12333151
16196997
10937963
-58142910
87155593
72987337
-43833593
38032833
-4620501
-40673337
-60391512
-54878336
3852773
35014058
99095950
69228124
-56954003
-49226324
67359421
-38540217
61701320
-74354417
37354722
15652573
74927087
-66146265
-709135
43951588
56429652
74593021
88397346
60519058
94373852
-27375381
-62352147
-93058132
-1731458
-6667608
-23239180
97214808
-20719515
-3245962
-86536645
-37611391
26823697
6546296
4757046
-1919733
39771926
65061392
-75227312
22794549
46014874
-48193737
57607701
-91621514
23384355
59816916
-81374705
11013950
-82698992
-96210977
-751631
46636475
-19651100
31515392
42708499
-24336957
55987659
-88367489
71367217
-99170544
53757232
-62105806
2064637
-85181429
31346178
18274489
83753523
-68927349
-54013468
33377229
-80817673
98435784
-7445766
76117517
66172247
-71888338
-1675307
36099757
85710387
-16312849
62281821
46363189
58506322
-87340766
-16141017
-93670048
-58912871
-29854372
-21988317
85162790
67914821
51267636
-31814274
67693285
-61405140
16931288
86381839
-23671842
33288099
-39074610
81836008
54576951
76977375
1463350
70747585
-46290654
-22482836
5804734
73339674
59154187
19595855
-68856788
-80252582
47310461
-17761004
77630672
85459204
-29548931
82039759
6928625
28247899
-17644358
74148179
45427887
-44254246
5109219
71497909
56302664
-81405196
52165237
40480082
20916144
98168100
-62208489
-89399642
2170847
69198462
-78407115
-45422928
-38904153
44330713
-56539545
-2549096
-16313596
-10600649
-84870911
38557782
-59466288
20562659
38187736
74884982
79171418
-68841404
-4679896
-36129707
71224437
-92516071
38071391
9368435
62855970
-34035258
84803149
37737777
-3589026
45478083
-39403526
36202916
16288163
-72731093
78504470
12719474
71795218
-93181538
-48616550
80049008
65059437
-60097343
-10057817
53625667
-67974797
83264552
2261397
-84525071
-43388783
-47232279
-52725776
5591005
84729827
51312253
-92941612
80731583
44002286
46573549
-54920896
50375330
96179987
-16699343
47914063
-92777571
-66373864
-10304262
-96217066
27099190
29862735
-3627527
97315459
3676003
-70788211
23212560
88737380
67678110
98648334
-15847930
78263125
-20028121
-89745662
61489105
43157740
-99774681
-10800007
26287744
78409317
-3194341
-12061178
65297612
82116937
-1515919
-83077786
55043330
-16600117
-77734325
43559811
67432541
64187735
9233303
-30990589
23209312
79714481
26384889
34424457
-34155209
62520192
-57825027
86632946
75852161
-93502568
-74197964
93272416
31089870
15440186
47493509
-36260909
54603725
52212518
93932293
45105330
32304976
15868551
72308705
71761334
-24034035
-21194802
37295143
-16065960
89375918
-5191036
-57502303
-52332266
-60533508
30715270
-42201465
-98436547
95081271
25566177
-96149768
-64388834
-28330833
74676170
83451517
47109371
28861434
28498389
-5129845
22781714
-51314471
56867507
-169202
-32060012
-70804869
-54087464
-50150462
17035721
3668485
42321550
-32935669
24838882
-41009998
21116435
-98541879
18800654
1791257
97419980
-1882092
-18603898
4369678
20587701
-37382865
41163489
91688318
-5158999
-32157313
36282205
-73689265
91511551
84937575
-94626147
46624645
-97390234
-22754689
-68987421
-52967568
83838691
-24316451
36788223
-41567353
-21431468
56455414
67577055
-31283240
57763017
12490408
-26034767
79031517
-40348527
92044105
44434244
61708169
34249836
-80476813
24350430
-54290414
-91710009
-54471731
24049999
7314476
-95999414
88210678
-58454284
-11476795
-98786942
88312226
46216883
-32966646
-14341422
72549831
64030901
-39039127
59703643
-3373561
-73557379
95779338
-15643395
51486897
90010523
28113348
42243685
81646204
25501327
-15205666
58737309
-443587
46852974
26698207
98970432
-86989563
20509873
-10686535
-46145261
-67770321
-64303790
14238559
62008016
-61948502
7316205
86729331
-10528341
-3126438
-64683044
-2097391
96584993
52307307
-84764361
-64165248
-42176591
2069262
97971268
97675170
53599363
66724769
-77172594
-37410817
-2081393
95307730
1274017
-38790976
84062864
99001363
71326498
23968567
12669067
-23293871
-8096446
1485218
91868972
25273945
69723976
-4059077
-6111202
-50625790
-97244830
51640876
13107680
14234948
-56110577
70205613
-72264098
72147479
73305843
20970772
-9248900
-5487622
-43872710
8161783
-22948003
77146781
-66775850
-34085149
-77429973
90314661
22666998
51871010
1882226
-13841199
-53373001
-91158677
26137121
-10623688
-36748383
-14156131
-77210638
-27027471
-64353496
22399311
63854664
-58899073
-39468933
57363436
72158637
22719174
65746254
-89160388
38052047
-98825744
-5897681
2600654
-44505447
67487196
-48786351
-88720290
-34432761
-51073034
-34190285
97906935
44120595
-76334516
95816334
30419051
81265880
-50392155
-58782728
48004604
78350254
-27729667
-44171958
77021343
-7775740
98015439
-57358
64166468
-78603765
36174336
97902736
-49490721
75060073
-80105164
32634767
-83762201
92347899
77184338
1354062
9835504
-20673552
-72170251
40972214
-40740717
35992128
47915245
-21099938
9283804
-45062671
-62894040
41696376
62669788
4842190
77511293
-51207267
-4994775
-78798895
-1090068
910010
29483826
-12282066
-54809853
36516203
-80821612
29113929
22976999
-27740924
-87083311
-30775441
80944607
-69123986
-27395707
29737119
99534526
-91159891
-94395483
60659141
86415361
-73436304
42337622
-65470171
3455310
-29124394
64358063
-10907895
-90412695
19014221
-63309721
9316716
56690488
27825865
-34868516
-49005778
54509002
76114287
-35657997
-15665905
-38852430
-1049955
96174765
33321884
19860390
-63772937
31178052
40797919
3099677
27736960
6268236
-27348740
63910055
63634458
-29892111
61129342
-55162796
43690696
-58733845
75571275
-18977741
53478920
-63408072
-22020129
22721350
22390215
36385765
17862581
-30035390
-10315657
41345936
19514400
-39587967
64387829
-90423642
7863659
44769726
-4745662
-58698496
-22669987
53808152
95147955
79950470
12135207
-9436972
26661979
66635820
-75792048
-53758367
75254240
-38008349
29662562
-65011030
-29202958
-78831536
88315490
62816068
75081203
-99276679
13882841
28250002
97756965
-48500249
30611321
49314400
-80204577
35400106
84812975
-54090682
93645008
46620625
-9999369
-40708394
-16183816
-67898843
-37785685
-19184017
-85463110
-3900907
-9367336
-3501276
9668099
-57697613
46756606
53248081
85090786
73054505
-92678855
48058206
86217813
-54674573
73524641
10774127
84259463
27646164
-16012116
-64643010
31061589
99419434
88054319
95391082
-14062497
-89698701
19882338
-84055697
-2207754
96718782
53251373
-85616621
30984181
-83157480
9286517
-98987495
-15656344
-2605071
-72873170
90697336
-88044677
-40284031
19024302
80831978
-21949322
-43087385
39428540
42826162
-30346858
-21170448
50810881
-83904857
-9964659
98742240
-86645160
-28195360
-49675506
-98621959
12391305
61416827
-25121567
-31393852
22885664
30319611
-24948319
-55936201
65467112
-51640805
23882451
81106403
-90916567
-50149770
25346832
-89684864
94105621
52466355
39313174
-41122179
-8080040
29323892
-37337435
-68636525
92719479
52619366
-19870508
55099792
38877952
24042547
-30883990
-19526776
79936424
-72087660
33312861
-85970765
-91319071
-81862439
72049663
21307687
-90848912
-84715299
26155209
12729811
20226086
26574450
-98168720
18052383
97923849
98681470
30631449
75513023
-44392101
-98362341
37716095
23089101
-9536332
-84386656
-9428073
-95790790
-26315709
49334119
50331186
53157470
-76743859
77357041
-96896099
-85819528
-21000878
19010354
67684779
96089954
-8485615
-94955900
24869156
25201711
-21287199
-38508063
-36182629
19631677
-55405706
-43088725
-74018804
-1708561
31927043
67057487
-1440973
90631843
56731344
-93678861
-33301121
-74609480
-34610233
-69804780
16604993
29823023
-12296557
-84506883
83440073
30102460
47848571
73340894
41413540
-44186433
-58529075
55729619
-82916282
-45458325
40525756
-15321713
-44688718
68495080
47196670
37578225
51094402
-11891103
70503171
34164447
32861694
-69563763
-72022117
-49002368
18189202
-45367006
-85540231
-4292844
68618147
-64644036
-27937531
45429929
95512861
-10725411
-78496901
60972057
-94924276
57770751
-12288515
-93230452
-83496136
-19434095
-19382884
-22159412
62798770
-26473168
66588575
-80905606
-68802116
-96815336
-3826933
-63992903
11777401
-66109661
-88972402
-33979929
-88428823
68266527
-58929326
-36097555
60164497
6150186
-16864958
91137275
-89507252
-65142108
51910489
44800439
71022155
8489878
-66360930
22209989
11898409
92244413
85331903
-60433693
45344549
84270423
94664210
48821943
33438168
25677990
-18186068
-24417392
62369442
-78481063
-87057977
-43577411
-12859465
-9870931
-24806774
88832453
-71526154
18450689
-6210918
-68005833
45822673
57385089
-68196702
-8084564
-91245073
-26516575
92794205
98950774
-34242177
52164543
-19042058
52261843
-65542341
11247996
58839797
18942711
-95767876
-56260086
79868498
18665089
35911136
36126069
-16698652
-27737576
-81767944
15563547
14653016
-85776183
-7937271
98574681
2797697
-57348415
19106304
49412186
25662028
-77898672
-97843906
72684235
-14346306
-42534350
-85215171
50784876
76062606
21641648
64290736
-57415914
42623716
66386774
72686831
-24859771
69490475
28263205
95040715
43938723
-87760671
65886851
-32428960
35897911
32778510
-94259041
45579772
-51936964
-79764179
38440679
-90276107
-83031343
-45889207
3676198
67916118
-78465196
6132437
8261015
-16501267
-40158468
-5975355
96599037
1533148
-11314310
-55156469
-33768630
-67658552
-30331878
-41032759
85626318
-90483406
-93704585
45118487
-11159621
-61717785
-55461402
-43565251
-45716874
95254999
19785113
-31687822
78865370
87995079
99053363
48502929
19063565
-48658251
-73607021
79750726
90894463
65781448
-58386565
-28063459
66891706
-3251460
-39121259
33739812
-64478672
24852236
92090890
-21559125
65462742
-8801801
-90429389
-86046895
-80940329
87241901
52792010
83812547
79228105
-36661937
-7247728
31350214
68502787
27097258
31747182
83123130
49185612
-14032716
-39651511
96568482
-25054893
-42576421
1423271
-31552725
77493998
38955791
-88104341
38926168
-94181250
-84838374
-47679813
70097171
-77163906
-63165245
60780625
58304281
85728567
-13125296
-59949462
-61000414
25116745
48656595
-39471937
-6245084
-64571618
-75331491
14521738
36160818
69378316
-8581670
15604280
-28845858
-80433802
-79825730
17938156
-76452319
-85542059
29848281
76592188
-55863379
61238991
25802628
-57556748
95997169
31363323
-58835536
63890893
-81605650
1871701
-2407284
-98433384
-56525898
62502018
73268380
71916429
-19511690
78881686
67609352
62170429
21993288
-96896565
43020368
-21731470
-14675559
84962021
72660527
82909666
82870411
3134097
-20902304
-53011216
-67511105
-56373169
-61293835
409582
63422729
53467166
39462919
32128863
17042582
-75562930
-98032790
-69523193
26967107
-22071859
-30836140
-6946330
73448234
-46388343
59361671
41225312
-38776246
38867913
-29163029
67935806
36412327
-34790375
89485724
-84070639
81176940
81152964
-52009820
87068994
-9968380
-30794810
46650960
60434286
66185805
-98773874
63767464
-37705401
-74732781
-70434396
33777236
78629260
66934965
50805862
-46603091
-88565413
66587483
-42346580
-87234904
55560402
-63695668
-61024594
-33072242
-72848964
35168338
-85983998
22677959
32481795
-96230630
45426282
-30624770
73916799
65209206
-9165078
-63799980
-9630155
6292009
-61385920
-47573474
-15290458
881222
92102106
-621679
-66145787
31472860
90864004
233603
13531134
-83941334
-30445240
57036683
36498568
28328229
-87355613
-19573399
-75431157
34799488
-98677533
5667724
70916189
-87856343
-30789110
75468159
-21418238
93605206
36174915
-34958079
99055228
