7.057361602783203
24911709
10000
-99964561
-99927308
-99906803
-99852890
-99822939
-99776140
-99769959
-99748788
-99745878
-99739662
-99705125
-99692316
-99658317
-99651814
-99650387
-99646675
-99610606
-99553726
-99517668
-99496970
-99492145
-99485315
-99474514
-99446555
-99439025
-99438473
-99409821
-99381421
-99381382
-99381131
-99372559
-99370871
-99349558
-99293744
-99281580
-99256702
-99238439
-99216427
-99202073
-99191700
-99174484
-99169571
-99143053
-99125878
-99103116
-99102667
-99090502
-99084223
-99059918
-99059072
-98978998
-98978606
-98972853
-98954566
-98937175
-98933831
-98889455
-98866485
-98849456
-98793816
-98784071
-98780180
-98762931
-98762321
-98733752
-98730422
-98725034
-98715338
-98638291
-98557112
-98509978
-98457525
-98427724
-98426605
-98417174
-98416139
-98411190
-98373304
-98350165
-98347152
-98334918
-98312785
-98306592
-98289351
-98279057
-98277925
-98267777
-98265634
-98239701
-98227641
-98216203
-98154696
-98152593
-98141921
-98110181
-98104287
-98104135
-98082116
-98081939
-98052869
-98050109
-98019724
-98018950
-98016331
-97858229
-97857078
-97835733
-97825194
-97823851
-97797234
-97794473
-97793216
-97782303
-97772780
-97720865
-97680431
-97662937
-97603831
-97569202
-97550669
-97542859
-97535449
-97531372
-97514694
-97506660
-97504337
-97496597
-97483549
-97445404
-97441064
-97356557
-97328278
-97316198
-97284938
-97278878
-97267016
-97255323
-97197898
-97195382
-97168089
-97161494
-97146076
-97117599
-97049405
-97036876
-97013207
-96998128
-96977128
-96942052
-96918285
-96918044
-96898801
-96871343
-96845563
-96833316
-96791741
-96773953
-96770587
-96763554
-96757699
-96746773
-96746195
-96741937
-96731672
-96730259
-96700566
-96673831
-96661205
-96632410
-96582397
-96578346
-96554841
-96543804
-96485075
-96474098
-96418901
-96409805
-96403919
-96384553
-96348410
-96347346
-96312753
-96232494
-96224582
-96223111
-96223047
-96184535
-96179431
-96173471
-96169100
-96154184
-96150809
-96143693
-96131144
-96124412
-96086503
-96048319
-96034444
-95995091
-95970488
-95929950
-95867516
-95803290
-95794770
-95770719
-95740922
-95737355
-95692523
-95680227
-95661635
-95638661
-95637211
-95628059
-95595275
-95594816
-95585483
-95584244
-95581345
-95545950
-95511965
-95510151
-95505948
-95497576
-95455795
-95428702
-95409795
-95351567
-95254153
-95244759
-95158908
-95143718
-95116821
-95107701
-95047809
-95039230
-95020441
-94994169
-94988217
-94987907
-94960275
-94935586
-94911684
-94883076
-94869952
-94861954
-94821856
-94789467
-94778880
-94766133
-94744054
-94708808
-94680291
-94670366
-94669000
-94656724
-94643604
-94622878
-94603206
-94548115
-94525221
-94518785
-94510686
-94484076
-94461703
-94405473
-94400646
-94381362
-94374524
-94365993
-94362321
-94338361
-94330166
-94318164
-94275247
-94265539
-94261946
-94246691
-94201883
-94152622
-94124515
-94098827
-94094150
-94093895
-94087562
-94082747
-94073868
-94055949
-94027702
-94025412
-94013540
-94006410
-93968034
-93948986
-93942150
-93931181
-93858865
-93848780
-93846766
-93820248
-93813495
-93813025
-93802897
-93791132
-93783162
-93764975
-93761803
-93761275
-93744649
-93740831
-93717951
-93676384
-93651264
-93629408
-93616009
-93606733
-93574625
-93568004
-93554611
-93498856
-93471456
-93457901
-93456347
-93449548
-93427190
-93421812
-93404914
-93392356
-93352794
-93330866
-93330413
-93323957
-93321194
-93313869
-93308318
-93294655
-93157436
-93146412
-93130679
-93125041
-93083410
-93033189
-93015090
-92961706
-92835788
-92826125
-92756427
-92709388
-92677536
-92674463
-92659151
-92652897
-92650531
-92648182
-92619274
-92549009
-92542960
-92515124
-92509296
-92475232
-92461332
-92432422
-92402880
-92399307
-92395951
-92335303
-92333160
-92327915
-92320053
-92290322
-92271607
-92246452
-92236815
-92235635
-92203539
-92171093
-92160946
-92155332
-92146548
-92114789
-92110089
-92094799
-92058414
-92051032
-92041782
-92036307
-92020403
-92006754
-92001954
-91991327
-91961732
-91944730
-91920220
-91876382
-91825873
-91805821
-91798318
-91777665
-91773786
-91767143
-91744427
-91716595
-91712814
-91683330
-91667952
-91661080
-91656207
-91636698
-91625688
-91592621
-91514449
-91495526
-91435071
-91432958
-91420007
-91405018
-91396589
-91394832
-91368228
-91358953
-91345805
-91340520
-91298070
-91264735
-91245767
-91244659
-91229205
-91195998
-91094717
-91067593
-91061466
-91055053
-91026090
-90982960
-90969311
-90924143
-90909358
-90869593
-90822144
-90811716
-90805232
-90777274
-90745471
-90740628
-90735727
-90733414
-90724464
-90710344
-90700575
-90675633
-90620036
-90618278
-90580207
-90560174
-90548494
-90547241
-90489823
-90473874
-90446977
-90419497
-90398096
-90391692
-90375919
-90372126
-90337031
-90324749
-90263430
-90241994
-90239368
-90222673
-90200151
-90186646
-90179422
-90178249
-90177775
-90163298
-90160229
-90147714
-90137731
-90135475
-90125371
-90099237
-90098913
-90091143
-90084026
-90080931
-90070824
-90066676
-90065290
-90063782
-90062740
-90042597
-90025309
-90022451
-90009797
-90003317
-89993689
-89970459
-89969777
-89947370
-89943931
-89910298
-89908322
-89899470
-89892748
-89876923
-89865002
-89863811
-89842990
-89792306
-89787801
-89763767
-89760816
-89727585
-89717327
-89705532
-89703542
-89699824
-89671013
-89667764
-89655665
-89652958
-89629539
-89574983
-89570610
-89568555
-89537105
-89533616
-89506429
-89494936
-89472320
-89467032
-89448391
-89439630
-89335707
-89317591
-89265346
-89264450
-89242589
-89240364
-89228750
-89217223
-89203941
-89202929
-89198063
-89197000
-89193915
-89132563
-89131351
-89117627
-89110019
-89094409
-89069991
-89030150
-89007000
-88993931
-88984242
-88983092
-88975360
-88945541
-88937383
-88927104
-88905049
-88896398
-88852616
-88804836
-88798306
-88760849
-88760446
-88741585
-88731889
-88679723
-88662115
-88640335
-88628780
-88579595
-88566053
-88550337
-88548747
-88541224
-88500550
-88468650
-88418967
-88412457
-88410005
-88403434
-88403284
-88395017
-88387559
-88320083
-88312051
-88304664
-88297844
-88294135
-88279092
-88211974
-88206887
-88190593
-88178569
-88160724
-88136446
-88125524
-88121447
-88120539
-88108032
-88107694
-88097731
-88079858
-88066256
-88050029
-88041569
-88029074
-88008219
-87978267
-87955304
-87927608
-87923385
-87896338
-87830524
-87824094
-87809302
-87792300
-87757256
-87729900
-87722690
-87685557
-87634622
-87628453
-87613450
-87594717
-87585579
-87555904
-87555322
-87522016
-87461613
-87400049
-87333428
-87313404
-87299880
-87297369
-87295633
-87287353
-87283923
-87269632
-87260120
-87255232
-87238196
-87232158
-87213689
-87207667
-87171035
-87139270
-87132253
-87127317
-87120151
-87115382
-87068256
-87014866
-86999141
-86991646
-86967766
-86952003
-86942236
-86889412
-86884659
-86847806
-86792861
-86772382
-86701658
-86697254
-86691677
-86652366
-86643325
-86585320
-86573932
-86552827
-86548902
-86520047
-86504654
-86504006
-86483720
-86459746
-86417641
-86395577
-86346529
-86331082
-86300643
-86277735
-86276933
-86270391
-86240683
-86199473
-86190612
-86186044
-86168012
-86135844
-86129164
-86110307
-86100615
-86100019
-86098971
-86080756
-86074741
-86071993
-86066413
-86062458
-86061523
-86051946
-86049544
-86007770
-86004937
-85973563
-85969241
-85965512
-85949936
-85931973
-85920495
-85889950
-85858963
-85847159
-85842100
-85828891
-85825885
-85809627
-85749811
-85720136
-85695879
-85685215
-85678641
-85664600
-85648729
-85638542
-85633288
-85613869
-85601415
-85592972
-85589774
-85562892
-85511811
-85501776
-85470986
-85454350
-85453468
-85449199
-85443450
-85422281
-85412826
-85400864
-85385110
-85375569
-85365759
-85350709
-85335612
-85319598
-85316658
-85267596
-85261666
-85260735
-85252069
-85242250
-85237885
-85232275
-85169168
-85158724
-85154230
-85138758
-85129958
-85102123
-85083860
-85076786
-85073712
-85018298
-85013766
-85003538
-85000253
-84996783
-84986265
-84893252
-84814796
-84814790
-84787177
-84778074
-84770106
-84764722
-84732159
-84730753
-84730494
-84694650
-84693952
-84678071
-84666986
-84596843
-84561832
-84530490
-84523930
-84493534
-84473125
-84466253
-84450684
-84406036
-84342704
-84308273
-84302562
-84291817
-84287533
-84275460
-84221301
-84218116
-84176114
-84152010
-84144740
-84136963
-84130217
-84127017
-84122315
-84087269
-84060934
-84042907
-84024350
-84021038
-84015993
-83993812
-83982893
-83944474
-83933094
-83920432
-83893158
-83867617
-83806585
-83789104
-83724148
-83699018
-83697536
-83680640
-83651808
-83637617
-83635613
-83625282
-83623090
-83621666
-83536482
-83509032
-83497478
-83494385
-83488803
-83482234
-83478252
-83472553
-83470976
-83409800
-83401001
-83395661
-83354131
-83350387
-83343867
-83343867
-83335026
-83298944
-83269877
-83234054
-83144806
-83130008
-83121056
-83120538
-83116931
-83074279
-83054522
-83041801
-83017271
-83017073
-83013007
-82986493
-82985601
-82985369
-82976579
-82935198
-82899796
-82893266
-82822228
-82820694
-82808415
-82801317
-82770235
-82752346
-82745482
-82718479
-82706197
-82699929
-82686969
-82685278
-82671823
-82668897
-82668795
-82642919
-82639067
-82630481
-82582799
-82578094
-82576092
-82573766
-82570642
-82556588
-82555827
-82543997
-82499814
-82484898
-82469602
-82401335
-82395273
-82309762
-82297438
-82257160
-82243234
-82221833
-82217736
-82202410
-82194741
-82187751
-82186638
-82174833
-82135665
-82121501
-82102228
-82068912
-82065526
-82027876
-82016184
-82011980
-81982888
-81982848
-81968501
-81891268
-81841000
-81811129
-81792115
-81778382
-81725464
-81714743
-81707275
-81615715
-81606525
-81590248
-81588717
-81566752
-81548903
-81511163
-81510450
-81485780
-81463115
-81456491
-81453862
-81434659
-81398187
-81394128
-81391052
-81386292
-81367628
-81306715
-81292090
-81266860
-81215905
-81197860
-81162122
-81131220
-81130270
-81121597
-81098383
-81072333
-81070365
-81023217
-81011027
-80994575
-80982765
-80981014
-80978474
-80913463
-80888334
-80887548
-80884553
-80882693
-80864614
-80836672
-80830836
-80783474
-80779274
-80755510
-80754456
-80754221
-80736018
-80735625
-80681108
-80671494
-80665929
-80660671
-80602697
-80598895
-80597033
-80585775
-80555839
-80539352
-80535979
-80512814
-80487025
-80471457
-80445910
-80412363
-80409445
-80399709
-80393189
-80377245
-80352411
-80319769
-80307960
-80298648
-80290688
-80284930
-80262106
-80253431
-80247972
-80238308
-80230808
-80209571
-80202666
-80192330
-80191809
-80178444
-80167701
-80158820
-80138801
-80116875
-80115536
-80082991
-80080589
-80076747
-79994858
-79974830
-79972643
-79958969
-79945740
-79915159
-79803807
-79796124
-79769108
-79768697
-79768656
-79740713
-79739521
-79734231
-79723437
-79714630
-79709560
-79706004
-79699066
-79692261
-79681478
-79664948
-79643420
-79625092
-79604512
-79600353
-79585852
-79583048
-79572107
-79571389
-79504599
-79503976
-79498515
-79489013
-79441018
-79436340
-79404811
-79403672
-79388837
-79371998
-79350064
-79341533
-79338029
-79315805
-79302854
-79292684
-79241636
-79231712
-79203929
-79199835
-79185778
-79168173
-79138124
-79135317
-79118966
-79094730
-79084687
-79043543
-79022628
-79007830
-78988620
-78983839
-78968066
-78964152
-78959201
-78936724
-78934752
-78932064
-78893702
-78880571
-78872728
-78854270
-78849509
-78843295
-78839878
-78831566
-78806396
-78739689
-78736414
-78686676
-78648159
-78598229
-78541088
-78502840
-78495114
-78485910
-78485343
-78473268
-78405988
-78388451
-78381193
-78374333
-78329626
-78329110
-78307878
-78278865
-78244082
-78219729
-78215089
-78202222
-78171779
-78153521
-78146041
-78132711
-78129007
-78127654
-78118830
-78118444
-78105898
-78066520
-78053376
-78027672
-78005706
-77940558
-77927513
-77915711
-77905910
-77866016
-77853102
-77818936
-77783693
-77746490
-77724748
-77722555
-77702854
-77664570
-77645948
-77597440
-77572955
-77536059
-77528717
-77520344
-77507916
-77499444
-77470998
-77463368
-77454407
-77452066
-77450149
-77446169
-77365900
-77364156
-77358537
-77350380
-77349945
-77297250
-77295982
-77286555
-77279893
-77245664
-77222323
-77220106
-77191418
-77189277
-77147181
-77126352
-77093162
-77088488
-77076791
-77074494
-77005667
-76982498
-76967821
-76960848
-76951232
-76951125
-76944942
-76917148
-76880212
-76848536
-76839070
-76805868
-76792913
-76782070
-76722955
-76707974
-76683532
-76649601
-76609356
-76572392
-76562780
-76552100
-76517682
-76505781
-76494896
-76494237
-76481582
-76470307
-76446877
-76446821
-76445159
-76442171
-76435131
-76433391
-76405288
-76393543
-76385580
-76365868
-76338896
-76329672
-76319059
-76305194
-76300995
-76279096
-76258918
-76219362
-76213698
-76200884
-76172740
-76167582
-76146353
-76139784
-76114673
-76095629
-76045550
-76035223
-76015912
-76006197
-75998241
-75931300
-75929779
-75900894
-75873572
-75850653
-75848891
-75841148
-75820935
-75812256
-75717537
-75707078
-75703367
-75681810
-75681409
-75666846
-75654263
-75641132
-75626331
-75554041
-75548270
-75541021
-75532946
-75532612
-75529307
-75527239
-75514504
-75510466
-75386780
-75384512
-75368936
-75356982
-75354678
-75352386
-75336789
-75326752
-75300699
-75292064
-75266646
-75236640
-75236500
-75223587
-75199595
-75189280
-75176509
-75169058
-75149930
-75120438
-75111620
-75108982
-75107790
-75064711
-75019311
-75010916
-75002846
-75000723
-74992447
-74986968
-74959339
-74954409
-74871659
-74871480
-74780921
-74775779
-74754953
-74744811
-74723508
-74721973
-74714795
-74651067
-74629938
-74624425
-74624082
-74608922
-74587032
-74572570
-74555522
-74543812
-74543750
-74538537
-74536883
-74482602
-74476779
-74456085
-74451189
-74441194
-74434503
-74424863
-74382498
-74352553
-74300626
-74272289
-74263390
-74255522
-74236801
-74215247
-74195572
-74182201
-74148056
-74123283
-74115728
-74073535
-74063152
-74053905
-74031857
-74031200
-74030099
-74008719
-73980940
-73972394
-73967951
-73954099
-73953413
-73950378
-73937517
-73924391
-73869670
-73846017
-73837660
-73828059
-73719326
-73712266
-73706124
-73652956
-73615150
-73604118
-73583484
-73577143
-73561780
-73561425
-73550662
-73529476
-73507530
-73442257
-73439585
-73415025
-73390970
-73364704
-73333890
-73324254
-73317413
-73304595
-73301039
-73270690
-73268775
-73225321
-73219738
-73184100
-73182465
-73151742
-73125552
-73125218
-73077223
-73073674
-73030744
-73029992
-72999054
-72992550
-72937637
-72892242
-72870358
-72863787
-72842672
-72824652
-72808167
-72799003
-72788279
-72760052
-72758585
-72748470
-72730246
-72723886
-72680592
-72672378
-72671997
-72663833
-72658301
-72653852
-72646239
-72641737
-72608533
-72592134
-72564432
-72558609
-72545758
-72521758
-72492377
-72464730
-72462637
-72449771
-72440694
-72436124
-72419507
-72409653
-72409418
-72403715
-72401487
-72396941
-72342586
-72313371
-72306960
-72302533
-72299394
-72291266
-72268789
-72241790
-72229444
-72201915
-72182551
-72124825
-72097056
-72092383
-72079111
-72069932
-72058852
-72052215
-72018711
-72012015
-71967545
-71936645
-71935746
-71924352
-71887772
-71885758
-71880071
-71877183
-71849551
-71812829
-71781812
-71755419
-71666699
-71662671
-71655525
-71611058
-71580328
-71562013
-71548737
-71521790
-71437536
-71435751
-71366798
-71335296
-71321908
-71309599
-71309041
-71250507
-71205410
-71198113
-71197354
-71194590
-71172376
-71143024
-71140631
-71105809
-71059511
-71038136
-71018482
-71004289
-71000516
-70992905
-70991203
-70990645
-70987196
-70986536
-70978487
-70963355
-70955790
-70922327
-70911971
-70899871
-70873293
-70818861
-70778586
-70721410
-70717304
-70634229
-70630891
-70608591
-70602745
-70559475
-70556329
-70534337
-70521900
-70510601
-70508700
-70471547
-70428105
-70420604
-70418920
-70412884
-70411625
-70401279
-70391311
-70371735
-70349855
-70342926
-70342472
-70289096
-70239536
-70212269
-70182815
-70162245
-70154206
-70100151
-70091473
-70091136
-70081537
-70072078
-70069752
-70041281
-70021776
-70019711
-70008809
-69996790
-69948675
-69946991
-69944717
-69935159
-69900673
-69898875
-69833708
-69759798
-69686618
-69683644
-69683354
-69663625
-69626520
-69626011
-69601443
-69539797
-69538239
-69512194
-69491996
-69485921
-69454296
-69452307
-69414002
-69397086
-69383826
-69343603
-69302044
-69294741
-69283309
-69275244
-69270059
-69234192
-69225339
-69214134
-69198456
-69171520
-69161442
-69140137
-69110079
-69105487
-69054254
-69044583
-69041521
-69033277
-68963852
-68957500
-68876440
-68865347
-68821172
-68797274
-68745733
-68713613
-68650296
-68636301
-68635039
-68627140
-68612234
-68607218
-68592353
-68589888
-68559231
-68515956
-68485189
-68403048
-68376649
-68325434
-68257414
-68248215
-68238085
-68200826
-68197830
-68197378
-68177579
-68136750
-68107193
-68087026
-68075061
-68060875
-68040026
-67977381
-67948681
-67944258
-67918432
-67915043
-67902470
-67894335
-67882298
-67856958
-67834159
-67792855
-67783114
-67761542
-67760267
-67758572
-67722495
-67700855
-67694407
-67631997
-67597197
-67578830
-67566762
-67552682
-67495928
-67476097
-67453176
-67444493
-67434336
-67404935
-67398980
-67398589
-67379408
-67357273
-67348327
-67317596
-67313764
-67297397
-67209923
-67146197
-67135117
-67129314
-67128128
-67098183
-67000025
-66991711
-66990053
-66989762
-66966439
-66896476
-66879528
-66823761
-66801534
-66759224
-66748485
-66723352
-66674329
-66607264
-66600140
-66587438
-66561254
-66533166
-66532226
-66494461
-66466189
-66408295
-66398238
-66369766
-66366950
-66366464
-66341079
-66335289
-66298493
-66255402
-66221973
-66212143
-66192432
-66189868
-66168293
-66118512
-66094325
-66065216
-65986530
-65973123
-65963769
-65952102
-65936324
-65931192
-65911446
-65907262
-65853898
-65842124
-65841719
-65815986
-65764846
-65752098
-65745604
-65731821
-65722015
-65683136
-65679003
-65659218
-65637374
-65581209
-65575465
-65552909
-65478416
-65464694
-65460277
-65448884
-65444178
-65435087
-65422465
-65413054
-65368158
-65366485
-65359427
-65338855
-65333607
-65312553
-65311325
-65307443
-65234020
-65233999
-65232914
-65201673
-65186055
-65179224
-65157070
-65155446
-65151470
-65145999
-65142739
-65124057
-65102474
-65058851
-65053837
-65041342
-64990029
-64976900
-64973315
-64948903
-64944427
-64842972
-64819638
-64802585
-64768390
-64705651
-64687735
-64677762
-64673126
-64616809
-64594752
-64585601
-64578336
-64471988
-64467061
-64452571
-64394485
-64377287
-64358568
-64267451
-64265745
-64224709
-64203865
-64199456
-64160837
-64157204
-64153444
-64116621
-64106093
-64093141
-64084483
-64082019
-64040072
-64033062
-64030518
-64029087
-63988222
-63973696
-63957122
-63957104
-63954156
-63938342
-63924512
-63778237
-63770934
-63769070
-63768437
-63715430
-63709788
-63698483
-63653214
-63639588
-63635523
-63631362
-63605225
-63499996
-63486609
-63479912
-63477104
-63465673
-63449666
-63439934
-63429285
-63390824
-63386559
-63381412
-63375299
-63367362
-63314880
-63310384
-63302531
-63301257
-63261934
-63257361
-63250214
-63245070
-63207886
-63203210
-63179462
-63170644
-63169982
-63142097
-63106912
-63071930
-63011392
-63007491
-62982500
-62957149
-62949901
-62909792
-62897190
-62887228
-62868016
-62833625
-62821214
-62801430
-62796506
-62792898
-62784329
-62766688
-62761632
-62750097
-62713691
-62703958
-62693925
-62672369
-62662306
-62563293
-62535506
-62492460
-62475199
-62458246
-62448284
-62443802
-62442673
-62402848
-62402761
-62367326
-62348313
-62327716
-62317399
-62310028
-62294772
-62288259
-62281584
-62275817
-62263991
-62227651
-62205377
-62200135
-62152279
-62147455
-62145417
-62129509
-62128984
-62068881
-62047425
-62028686
-62028554
-62023601
-62012745
-62000404
-61992964
-61986411
-61978110
-61960412
-61953358
-61885883
-61885236
-61880322
-61834202
-61831161
-61825466
-61789968
-61757347
-61753524
-61724460
-61719584
-61704042
-61683386
-61678042
-61635949
-61635677
-61624457
-61618792
-61612412
-61612065
-61598731
-61598269
-61569112
-61544895
-61536911
-61529830
-61527384
-61500584
-61457311
-61449491
-61448447
-61425538
-61407390
-61403876
-61381307
-61361298
-61352446
-61343058
-61331612
-61315161
-61306491
-61243343
-61238060
-61222978
-61212084
-61162518
-61153024
-61140534
-61119601
-61091023
-61086184
-61083282
-61082243
-61076658
-61073156
-61059426
-61053535
-61020313
-60979173
-60978087
-60970369
-60948870
-60915398
-60914246
-60888503
-60887751
-60840853
-60834225
-60817106
-60793376
-60776529
-60768499
-60758894
-60749851
-60736221
-60724373
-60699212
-60693309
-60686935
-60665404
-60628205
-60625605
-60602164
-60601941
-60595180
-60589395
-60548101
-60503279
-60488360
-60474164
-60435112
-60334806
-60314334
-60302138
-60270081
-60266200
-60260083
-60258335
-60248155
-60185753
-60136885
-60063543
-60054743
-60028488
-59973097
-59941078
-59902540
-59899730
-59894501
-59892963
-59868862
-59841725
-59836876
-59829919
-59820581
-59797942
-59793758
-59782689
-59734593
-59731812
-59728628
-59726566
-59719991
-59705947
-59700149
-59684097
-59682468
-59632307
-59616482
-59610976
-59608837
-59597748
-59590085
-59577530
-59539409
-59534679
-59529596
-59527705
-59499296
-59496556
-59467963
-59446518
-59435360
-59428372
-59413432
-59411333
-59401666
-59355294
-59330636
-59314281
-59275948
-59266357
-59141168
-59130779
-59102145
-59097814
-59096541
-59096097
-59061935
-59056969
-59030222
-59020870
-58981723
-58963979
-58947518
-58943147
-58942501
-58920064
-58909479
-58909008
-58891285
-58804620
-58792295
-58718059
-58685615
-58650372
-58606287
-58595535
-58560270
-58511915
-58497449
-58459667
-58433553
-58412630
-58402309
-58399111
-58393855
-58367422
-58363528
-58360827
-58347215
-58341015
-58312702
-58261542
-58260947
-58221787
-58219434
-58197164
-58142903
-58114487
-58096913
-58067256
-58042995
-58015442
-58001823
-57957580
-57951984
-57918904
-57905580
-57873764
-57865540
-57864982
-57843757
-57808428
-57785877
-57775268
-57769086
-57766163
-57763199
-57725319
-57710887
-57629475
-57601037
-57566639
-57549602
-57547590
-57545432
-57483100
-57451970
-57446673
-57446349
-57437728
-57427334
-57376548
-57372872
-57344440
-57338774
-57336695
-57298323
-57292945
-57254855
-57191077
-57189928
-57189650
-57162678
-57130945
-57126541
-57118769
-57091621
-57087334
-57084341
-57054144
-57027581
-57013685
-56941388
-56895422
-56858611
-56855592
-56854220
-56823721
-56804620
-56802768
-56793182
-56775261
-56750621
-56729467
-56719468
-56715301
-56707898
-56665811
-56664827
-56660924
-56647681
-56609208
-56604099
-56591065
-56559765
-56558223
-56545292
-56530763
-56516461
-56448717
-56438928
-56421836
-56374419
-56371422
-56317711
-56314126
-56269867
-56262449
-56176994
-56171165
-56166729
-56138306
-56129044
-56127731
-56124414
-56104961
-56098752
-56091266
-56088763
-56069954
-56041847
-56022423
-55968223
-55967274
-55966664
-55906287
-55878382
-55872069
-55860204
-55850282
-55789150
-55736790
-55735092
-55734913
-55717698
-55717601
-55593370
-55575255
-55552029
-55512224
-55509667
-55502534
-55497428
-55481640
-55438100
-55432046
-55419259
-55413699
-55387117
-55384858
-55380841
-55378311
-55351218
-55348444
-55338625
-55322953
-55277701
-55262489
-55164892
-55163594
-55139070
-55122630
-55071568
-55065684
-55064183
-55039728
-54993749
-54965211
-54950592
-54934984
-54892323
-54863176
-54853486
-54850584
-54836129
-54809526
-54796370
-54781455
-54771829
-54694594
-54688236
-54685246
-54675817
-54619633
-54609506
-54587041
-54574624
-54553326
-54547652
-54544170
-54515608
-54493244
-54488392
-54457921
-54450452
-54438057
-54384079
-54366557
-54365888
-54355927
-54320751
-54303556
-54296442
-54239378
-54238411
-54236663
-54179337
-54164701
-54159485
-54158068
-54111892
-54074162
-54010915
-53982386
-53972722
-53908653
-53902614
-53868527
-53862631
-53860150
-53850143
-53841899
-53840619
-53828380
-53810289
-53765065
-53765038
-53745614
-53706043
-53647536
-53640131
-53632678
-53609148
-53575507
-53562806
-53476541
-53448558
-53447763
-53435694
-53410934
-53409093
-53311189
-53305872
-53280826
-53278735
-53235804
-53234232
-53220368
-53207282
-53193548
-53171469
-53169679
-53148042
-53142902
-53136682
-53121570
-53097948
-53096458
-53082575
-53079153
-53039207
-53031601
-53030428
-52986634
-52959813
-52903531
-52871432
-52863539
-52839027
-52821595
-52816832
-52815605
-52808031
-52791317
-52761613
-52736954
-52736700
-52735826
-52675139
-52629576
-52626861
-52611229
-52572606
-52556771
-52540326
-52498169
-52441004
-52409384
-52379558
-52359397
-52324412
-52305880
-52287315
-52277352
-52276534
-52264925
-52264233
-52253276
-52244150
-52241035
-52227782
-52139260
-52125136
-52123945
-52096001
-52083971
-52067014
-52036949
-52034319
-52030569
-52027562
-52012384
-51958788
-51939680
-51886450
-51885794
-51884485
-51870636
-51850907
-51849652
-51838079
-51827515
-51825876
-51815893
-51802864
-51753228
-51752331
-51739238
-51678681
-51636768
-51585757
-51567549
-51555754
-51498115
-51497800
-51488647
-51486478
-51459067
-51453835
-51453832
-51419632
-51413154
-51395706
-51391214
-51389544
-51388458
-51335825
-51332192
-51291924
-51220746
-51190766
-51174974
-51173613
-51165642
-51161999
-51139289
-51138737
-51135343
-51125472
-51112269
-51080904
-51080660
-51060323
-50997409
-50989653
-50982633
-50961873
-50952910
-50952461
-50952059
-50936209
-50927177
-50892664
-50880498
-50856707
-50848457
-50835219
-50810206
-50766911
-50732297
-50724167
-50716393
-50711665
-50711094
-50710790
-50710092
-50705660
-50667631
-50662529
-50650462
-50645982
-50638054
-50630420
-50615184
-50563954
-50562319
-50555278
-50554008
-50531731
-50530436
-50528315
-50523701
-50482141
-50481828
-50481730
-50472973
-50432883
-50403813
-50390536
-50373614
-50297450
-50284634
-50273169
-50268422
-50263728
-50244409
-50204017
-50194454
-50168548
-50131873
-50121173
-50111164
-50101496
-50095278
-50072961
-50062259
-50000077
-49987051
-49968767
-49940795
-49904830
-49891138
-49890744
-49863248
-49853944
-49812092
-49793177
-49770751
-49761222
-49727524
-49704357
-49695742
-49689332
-49655651
-49643612
-49629005
-49626198
-49547415
-49496925
-49483428
-49441894
-49421480
-49401241
-49386768
-49381013
-49372996
-49359662
-49310916
-49274654
-49228433
-49213156
-49197949
-49186830
-49160073
-49146602
-49138864
-49126774
-49124133
-49002249
-48993507
-48982993
-48981770
-48970466
-48967799
-48936390
-48897759
-48888171
-48838962
-48829393
-48801957
-48787391
-48782823
-48711222
-48686200
-48684172
-48680253
-48617440
-48588932
-48586214
-48584790
-48549894
-48518748
-48516224
-48452146
-48426988
-48413198
-48398064
-48331213
-48322887
-48259174
-48250447
-48248574
-48247068
-48224180
-48199112
-48177264
-48142354
-48126534
-48103204
-48062326
-48050801
-48017581
-47970140
-47969811
-47956244
-47940173
-47911265
-47892080
-47867411
-47865040
-47859013
-47838961
-47828586
-47827396
-47821016
-47818235
-47805334
-47789740
-47757051
-47728964
-47725787
-47688074
-47687641
-47680385
-47655949
-47648071
-47639855
-47626351
-47619700
-47608498
-47600824
-47585018
-47569566
-47552716
-47486755
-47402224
-47370620
-47361500
-47285812
-47282390
-47236244
-47228943
-47176516
-47163099
-47162124
-47159096
-47148864
-47136406
-47125574
-47123335
-47118258
-47080812
-47065576
-47040250
-47038880
-47022278
-47001042
-46987479
-46978669
-46977860
-46941143
-46936605
-46930241
-46913686
-46892607
-46807145
-46737716
-46703187
-46680867
-46659486
-46621577
-46599083
-46594472
-46561121
-46556827
-46553277
-46530198
-46491370
-46488898
-46482514
-46477214
-46454912
-46436230
-46335723
-46329043
-46322560
-46279594
-46255351
-46251504
-46245676
-46235296
-46229723
-46210126
-46181199
-46165765
-46154330
-46141460
-46129079
-46114652
-46114462
-46110755
-46055926
-46046182
-46039345
-46010749
-46005762
-45996041
-45930047
-45876445
-45872158
-45837942
-45820795
-45802431
-45795084
-45762195
-45745235
-45728979
-45727615
-45711296
-45704134
-45689130
-45625378
-45594179
-45488220
-45486644
-45477506
-45451555
-45438997
-45399723
-45397941
-45372350
-45366679
-45323507
-45294577
-45258942
-45229407
-45213843
-45172599
-45159448
-45105261
-45076411
-45061565
-45016657
-44977737
-44969562
-44961475
-44957389
-44952121
-44916742
-44902924
-44871814
-44867855
-44862698
-44844935
-44815800
-44807391
-44791401
-44771078
-44770844
-44691629
-44674803
-44670033
-44655056
-44653908
-44647138
-44611107
-44531909
-44503136
-44466844
-44464386
-44461626
-44452372
-44448034
-44431167
-44405892
-44356028
-44330914
-44281717
-44271364
-44248893
-44230231
-44190153
-44168330
-44157240
-44138432
-44135991
-44122158
-44121114
-44118154
-44116003
-44092605
-44091281
-44083907
-44017822
-43991415
-43959565
-43928510
-43925047
-43911643
-43907703
-43905842
-43877016
-43847427
-43830416
-43829970
-43827035
-43798247
-43787370
-43755276
-43735853
-43724579
-43722507
-43708193
-43688702
-43683167
-43675666
-43638120
-43620110
-43597216
-43593153
-43575572
-43559785
-43543064
-43540209
-43526223
-43504099
-43489770
-43452638
-43441660
-43432684
-43431259
-43406042
-43404425
-43395429
-43391339
-43379628
-43371224
-43358888
-43343267
-43298992
-43280697
-43274705
-43249329
-43243525
-43236472
-43225126
-43177884
-43164487
-43163760
-43163312
-43161572
-43146288
-43142832
-43116713
-43093999
-43082633
-43054824
-43041824
-43018119
-43008040
-43007195
-42929716
-42899745
-42874165
-42853983
-42819395
-42807459
-42787562
-42786899
-42750481
-42745096
-42678429
-42676300
-42664265
-42637594
-42614546
-42607321
-42544047
-42514939
-42500697
-42498086
-42491474
-42477294
-42464145
-42400377
-42382018
-42368985
-42347243
-42328755
-42317412
-42306613
-42304836
-42291864
-42151666
-42117595
-42099687
-42097352
-42087701
-42086568
-42081805
-42054261
-42052733
-42020492
-42010005
-41988737
-41977198
-41956395
-41906185
-41860862
-41848282
-41846952
-41787822
-41762048
-41753392
-41734350
-41731129
-41726602
-41726017
-41715199
-41689476
-41670337
-41663822
-41661464
-41655978
-41652280
-41582487
-41556382
-41539002
-41533398
-41526590
-41502445
-41487016
-41471998
-41434807
-41428278
-41404062
-41362199
-41323047
-41317382
-41298081
-41264084
-41169752
-41129220
-41111166
-41105289
-41081168
-41076286
-41059845
-41045939
-41020499
-41018718
-41014671
-40996957
-40962310
-40958392
-40893582
-40888100
-40884620
-40871124
-40866685
-40854322
-40845828
-40819324
-40805631
-40797045
-40780419
-40773097
-40758608
-40742556
-40736961
-40715573
-40705781
-40679054
-40678956
-40660192
-40640852
-40631222
-40621506
-40558531
-40481839
-40470534
-40422845
-40405531
-40400849
-40379462
-40302150
-40267559
-40238426
-40225324
-40223405
-40198110
-40146640
-40122077
-40115654
-40109089
-40098130
-40094563
-40080577
-40027093
-39957996
-39944078
-39942901
-39915884
-39897849
-39882292
-39874291
-39852513
-39795785
-39761863
-39722028
-39655589
-39652700
-39641337
-39635464
-39625341
-39617050
-39607017
-39574532
-39555877
-39540223
-39530567
-39529441
-39522163
-39477382
-39465399
-39417371
-39412906
-39408820
-39399645
-39395838
-39387121
-39356059
-39314042
-39283591
-39233432
-39232042
-39229103
-39226615
-39224147
-39220238
-39218917
-39218205
-39208875
-39206619
-39143721
-39135616
-39104439
-39091002
-39083134
-39051636
-39035465
-39034418
-39034149
-38948009
-38930934
-38923896
-38921542
-38921173
-38874805
-38833215
-38810997
-38792856
-38743422
-38699979
-38677917
-38648132
-38641364
-38634200
-38616883
-38556729
-38541708
-38504553
-38495265
-38473834
-38425567
-38420953
-38417796
-38413466
-38408925
-38403808
-38392698
-38312349
-38310801
-38305568
-38233652
-38233526
-38199707
-38178329
-38165910
-38161950
-38136014
-38103326
-38090985
-38077313
-38065432
-38062430
-38037397
-38028250
-38019965
-37981884
-37979652
-37960739
-37960525
-37942157
-37927785
-37894416
-37847525
-37836872
-37829630
-37821164
-37806631
-37768812
-37667237
-37643719
-37596119
-37570075
-37549166
-37533338
-37532867
-37492578
-37490366
-37488804
-37480922
-37470913
-37447519
-37407133
-37370321
-37330208
-37321238
-37309601
-37274802
-37233122
-37217424
-37162348
-37159902
-37143589
-37137773
-37122131
-37050274
-37045073
-37000628
-36958689
-36919295
-36914885
-36895830
-36881613
-36881145
-36828634
-36810743
-36806453
-36796915
-36791101
-36748032
-36735589
-36709820
-36703784
-36681400
-36680411
-36662523
-36641535
-36635067
-36634655
-36603200
-36558152
-36552353
-36548073
-36529032
-36524335
-36510306
-36506012
-36493722
-36430519
-36423990
-36380392
-36360747
-36345642
-36335989
-36324937
-36304483
-36289197
-36194149
-36178350
-36175867
-36161655
-36159356
-36159074
-36157400
-36136849
-36125193
-36117528
-36109916
-36102412
-36085966
-36072919
-36044660
-36039125
-36033539
-36020608
-35983986
-35972630
-35930710
-35907189
-35858342
-35805848
-35804739
-35796849
-35788688
-35764331
-35729919
-35725078
-35720080
-35718066
-35658833
-35644782
-35635483
-35594717
-35571764
-35557066
-35527233
-35519845
-35513324
-35482727
-35461313
-35446824
-35407928
-35387489
-35372979
-35372072
-35350017
-35331765
-35319779
-35292814
-35286946
-35283812
-35230322
-35213877
-35209268
-35176469
-35151612
-35137086
-35098052
-34985498
-34978748
-34973708
-34956058
-34925624
-34924274
-34857300
-34848490
-34797995
-34735234
-34729851
-34700202
-34685890
-34608639
-34595188
-34592463
-34574581
-34556304
-34552287
-34460126
-34455927
-34442324
-34431158
-34427950
-34414424
-34345564
-34343521
-34274959
-34263239
-34254649
-34252412
-34232597
-34224773
-34215918
-34190332
-34164036
-34144771
-34139988
-34138771
-34130480
-34101984
-34094291
-34080250
-34054736
-34048866
-34047391
-34038973
-34038462
-34033861
-34021656
-34003259
-33991783
-33981312
-33971909
-33967877
-33939625
-33924950
-33915046
-33911748
-33890959
-33877085
-33862543
-33847719
-33845383
-33840973
-33794152
-33793832
-33791456
-33785704
-33753309
-33750192
-33737356
-33720317
-33685987
-33660060
-33594776
-33563546
-33552332
-33519724
-33508512
-33485369
-33464056
-33436038
-33374808
-33335978
-33314171
-33311876
-33303260
-33295281
-33293639
-33277049
-33254039
-33252949
-33245954
-33234945
-33183818
-33183077
-33145165
-33129712
-33102055
-33063407
-33049741
-33035952
-33019426
-33001853
-32909485
-32851165
-32840421
-32826482
-32811111
-32710975
-32705584
-32638929
-32609780
-32602220
-32567430
-32525232
-32518675
-32513215
-32491398
-32487694
-32462081
-32440462
-32356946
-32354738
-32352175
-32341280
-32319297
-32310253
-32308038
-32291002
-32285699
-32279601
-32273125
-32245251
-32228911
-32226415
-32221258
-32217935
-32196939
-32140215
-32113362
-32103259
-32077913
-32060746
-32048622
-32036515
-32034469
-31985177
-31975662
-31950639
-31950119
-31929553
-31911318
-31890116
-31867022
-31840695
-31779533
-31773724
-31770000
-31760825
-31758682
-31752539
-31743640
-31743178
-31739540
-31682575
-31660397
-31655459
-31645126
-31631696
-31630556
-31624719
-31590902
-31575331
-31572276
-31522300
-31503378
-31497632
-31487222
-31428801
-31427518
-31420028
-31394799
-31377997
-31355613
-31343758
-31338046
-31335950
-31326025
-31319028
-31296775
-31291817
-31283362
-31272033
-31260960
-31248363
-31242223
-31226199
-31212530
-31197014
-31192617
-31176501
-31073026
-31067593
-31066306
-31055733
-31053413
-31051835
-31048292
-31038579
-31008356
-31000359
-30976273
-30914835
-30910476
-30900737
-30889444
-30871678
-30862467
-30844700
-30829659
-30825515
-30816964
-30770884
-30753814
-30719506
-30667107
-30662039
-30648412
-30646604
-30630660
-30622580
-30621704
-30620254
-30606514
-30566688
-30558474
-30558038
-30551571
-30543921
-30491951
-30489831
-30460830
-30447661
-30444861
-30425715
-30333691
-30323294
-30322145
-30321186
-30305535
-30304059
-30273199
-30261598
-30260359
-30254148
-30204051
-30190377
-30187890
-30169408
-30147612
-30108947
-30091545
-30074931
-30063163
-30053113
-30047930
-30020292
-30000328
-29999984
-29998960
-29972676
-29963268
-29961340
-29958549
-29849751
-29772569
-29766798
-29763789
-29748509
-29744010
-29734189
-29699910
-29687973
-29671404
-29643582
-29640584
-29636711
-29635217
-29607118
-29576374
-29545329
-29522304
-29478498
-29469198
-29411216
-29393245
-29382419
-29365230
-29358698
-29278666
-29277783
-29273024
-29257259
-29255870
-29231083
-29229441
-29150083
-29106837
-29039285
-29009508
-28995004
-28967830
-28964277
-28940878
-28934047
-28909565
-28906574
-28891644
-28889126
-28888182
-28842714
-28798773
-28763848
-28756738
-28748041
-28730261
-28700737
-28625437
-28611887
-28599827
-28566612
-28562252
-28545604
-28537394
-28513391
-28502452
-28501477
-28494867
-28478839
-28448990
-28429884
-28411896
-28397264
-28390971
-28384824
-28357215
-28332812
-28320383
-28305049
-28297665
-28262556
-28260223
-28256367
-28245245
-28232890
-28215561
-28202391
-28196522
-28186913
-28153056
-28145390
-28096770
-28092355
-28079151
-28050291
-27996484
-27986865
-27980548
-27976100
-27975493
-27935970
-27907574
-27877193
-27870802
-27867273
-27845822
-27839409
-27808387
-27787970
-27784805
-27769230
-27767741
-27755143
-27738410
-27688849
-27684295
-27674678
-27672243
-27661550
-27641631
-27623357
-27609010
-27545849
-27516278
-27471086
-27446963
-27417249
-27402005
-27363716
-27355280
-27344412
-27341744
-27341347
-27321187
-27315985
-27315128
-27312913
-27308911
-27308875
-27289732
-27285522
-27230771
-27227224
-27143806
-27126082
-27089961
-27031663
-27028355
-27025840
-27019718
-26978012
-26938463
-26898394
-26890337
-26875540
-26874644
-26869891
-26792577
-26774870
-26768639
-26757394
-26669750
-26655117
-26621873
-26606544
-26600576
-26582255
-26572174
-26560522
-26550573
-26525285
-26463056
-26445901
-26445233
-26442567
-26433861
-26419366
-26413421
-26405860
-26398734
-26385847
-26385414
-26351719
-26351135
-26327734
-26315221
-26314256
-26289856
-26274435
-26259559
-26251461
-26208412
-26206285
-26204711
-26197351
-26177830
-26158514
-26151118
-26144359
-26104296
-26053846
-26033387
-26028581
-26025094
-26020579
-25988671
-25974344
-25954976
-25880636
-25879641
-25858052
-25855812
-25821095
-25819283
-25814796
-25810334
-25808200
-25741740
-25707509
-25703593
-25691330
-25659449
-25621552
-25606249
-25598079
-25597317
-25591823
-25590608
-25589786
-25568956
-25565776
-25556801
-25556482
-25532709
-25523012
-25507177
-25471759
-25430510
-25362156
-25357103
-25337569
-25330687
-25329708
-25322085
-25307330
-25304025
-25263217
-25256846
-25241505
-25229742
-25192193
-25155028
-25085285
-25077626
-25042583
-25014798
-24936471
-24926868
-24923370
-24913882
-24876584
-24869543
-24868396
-24856389
-24848228
-24832445
-24813909
-24803039
-24789028
-24778499
-24763626
-24755908
-24696222
-24693890
-24687801
-24664613
-24647443
-24630675
-24590589
-24554970
-24539905
-24395704
-24391770
-24368331
-24302864
-24285892
-24281106
-24267326
-24257302
-24229283
-24220771
-24208671
-24200290
-24186380
-24174571
-24161804
-24102680
-24100674
-24080827
-24037987
-24025394
-24016144
-23991721
-23988630
-23964359
-23944510
-23933549
-23923015
-23849297
-23841323
-23838087
-23829062
-23813162
-23807346
-23779193
-23737429
-23715583
-23671945
-23666864
-23666525
-23649645
-23643670
-23642905
-23611236
-23594155
-23591142
-23572578
-23560240
-23556105
-23532421
-23436561
-23392281
-23380660
-23378682
-23378117
-23367178
-23328594
-23318533
-23309219
-23299277
-23297703
-23285523
-23264314
-23244791
-23241477
-23235277
-23209344
-23192475
-23178712
-23178017
-23173414
-23169258
-23139286
-23124741
-23104389
-23102975
-23090359
-23084469
-23078919
-23064913
-22954591
-22932636
-22930194
-22916038
-22912954
-22904780
-22889051
-22883085
-22832011
-22830388
-22790271
-22751386
-22748974
-22741661
-22741177
-22686372
-22656306
-22642903
-22637541
-22633642
-22630203
-22614785
-22574673
-22533405
-22525220
-22449128
-22342386
-22333514
-22323655
-22308243
-22306661
-22288577
-22265633
-22241893
-22219440
-22214788
-22199452
-22198477
-22166589
-22161236
-22140955
-22110267
-22102842
-22097826
-22079976
-22063838
-22057335
-21999312
-21981151
-21950867
-21950716
-21907352
-21870603
-21858848
-21834529
-21824049
-21767077
-21754189
-21748744
-21734011
-21693116
-21660615
-21645310
-21641874
-21622575
-21597816
-21572940
-21561703
-21560903
-21540222
-21536317
-21520000
-21510835
-21488432
-21483664
-21476970
-21462480
-21453036
-21391911
-21344982
-21339821
-21338089
-21308967
-21306594
-21265162
-21228312
-21224399
-21217069
-21145232
-21144641
-21121593
-21062459
-21013036
-21000668
-20987962
-20975202
-20933254
-20931634
-20920363
-20900234
-20894688
-20847605
-20787139
-20782850
-20772422
-20737883
-20678402
-20672675
-20641819
-20630951
-20608750
-20591081
-20587606
-20572999
-20570806
-20486821
-20471142
-20432083
-20394637
-20382586
-20355771
-20351721
-20304886
-20277926
-20240564
-20234883
-20173472
-20157269
-20118383
-20107255
-20105869
-20066587
-20064519
-20063555
-20058575
-20025268
-20014250
-20009932
-20005466
-19913142
-19908074
-19903712
-19898903
-19885290
-19881031
-19874314
-19865148
-19856229
-19827392
-19810303
-19806395
-19790654
-19775678
-19710086
-19664437
-19627356
-19597191
-19567884
-19554942
-19535994
-19531077
-19506310
-19424320
-19423886
-19419526
-19411751
-19404571
-19387958
-19370508
-19330939
-19324714
-19306297
-19292782
-19288561
-19280628
-19273879
-19257260
-19253497
-19230265
-19200811
-19148800
-19145311
-19105238
-19058805
-19038187
-19015484
-19013655
-18997369
-18919027
-18875064
-18857538
-18829855
-18820249
-18809080
-18798819
-18776889
-18760346
-18757269
-18731124
-18711629
-18707325
-18675378
-18669290
-18661268
-18642698
-18626449
-18619450
-18588681
-18583198
-18550639
-18540235
-18539914
-18510744
-18507098
-18449368
-18441497
-18421406
-18405288
-18383478
-18353669
-18337764
-18315612
-18272998
-18271424
-18259468
-18254873
-18203908
-18177803
-18131452
-18111875
-18105748
-18100236
-18066909
-18006034
-18003526
-18003081
-17972424
-17966607
-17952393
-17941939
-17936187
-17934953
-17926735
-17911992
-17899198
-17897244
-17888497
-17888459
-17884490
-17858057
-17845141
-17840284
-17835488
-17813500
-17810348
-17798450
-17782718
-17742598
-17684617
-17679217
-17673336
-17670805
-17623752
-17603139
-17600666
-17562779
-17515134
-17495102
-17493295
-17480905
-17465568
-17451277
-17443250
-17426908
-17413021
-17390081
-17388228
-17383036
-17343366
-17337733
-17293220
-17286920
-17239141
-17127396
-17123821
-17097000
-17088186
-17006813
-16994201
-16984669
-16976023
-16972608
-16963762
-16960744
-16939146
-16859141
-16711639
-16705642
-16704620
-16695556
-16693829
-16674566
-16663896
-16662168
-16648988
-16647002
-16644024
-16631166
-16609260
-16596458
-16596284
-16589026
-16577344
-16548807
-16527725
-16522025
-16508596
-16504497
-16503122
-16466392
-16451722
-16445544
-16375678
-16313763
-16305853
-16299359
-16280225
-16224605
-16221185
-16203893
-16162380
-16161978
-16122580
-16104989
-16102796
-16065903
-15981733
-15972777
-15947620
-15944898
-15920287
-15868650
-15811634
-15775551
-15769275
-15754534
-15727913
-15726719
-15724191
-15702276
-15699030
-15690009
-15683805
-15673681
-15645627
-15637738
-15630859
-15624883
-15597226
-15574851
-15570013
-15563211
-15514233
-15495485
-15446772
-15440953
-15415403
-15392496
-15380548
-15345211
-15324232
-15294350
-15264490
-15259276
-15245867
-15230271
-15227063
-15198354
-15173121
-15150451
-15114433
-15088895
-15022144
-15014668
-14981602
-14957443
-14950433
-14928412
-14926431
-14905892
-14901393
-14897747
-14888366
-14870398
-14851866
-14815772
-14811413
-14777666
-14740369
-14699932
-14697072
-14695919
-14686197
-14657429
-14652570
-14641103
-14591044
-14575116
-14554474
-14540833
-14525563
-14520608
-14516192
-14514993
-14443197
-14422488
-14421654
-14373299
-14329193
-14328417
-14284496
-14279557
-14275343
-14265913
-14262740
-14257835
-14248019
-14239176
-14230483
-14229528
-14219535
-14218223
-14159870
-14138411
-14066603
-14057473
-14049694
-14041068
-13955456
-13928312
-13902413
-13882185
-13877689
-13854245
-13836675
-13827428
-13797095
-13791147
-13786900
-13719687
-13709745
-13706543
-13694418
-13680137
-13652072
-13598850
-13538137
-13533493
-13523614
-13501029
-13494038
-13459063
-13418049
-13382577
-13375624
-13360273
-13350696
-13347720
-13285329
-13265033
-13257633
-13250711
-13245034
-13225844
-13220462
-13174498
-13161623
-13157456
-13063388
-13055771
-13029649
-13020117
-12996321
-12978117
-12975898
-12940702
-12934931
-12927569
-12903133
-12896664
-12818946
-12797826
-12788995
-12652054
-12587273
-12586032
-12534080
-12502828
-12436081
-12419732
-12414067
-12334610
-12332377
-12324143
-12271887
-12256433
-12255288
-12231113
-12221200
-12187643
-12186831
-12157194
-12139743
-12131643
-12129713
-12118554
-12109620
-12109578
-12105742
-12092189
-12075116
-12065127
-12057043
-12021738
-12017951
-12002600
-11991844
-11990388
-11979774
-11966126
-11964635
-11955925
-11942135
-11934817
-11926670
-11923233
-11917932
-11913443
-11893740
-11864758
-11862357
-11833161
-11798289
-11791243
-11789086
-11776959
-11774486
-11769904
-11719104
-11718480
-11672165
-11668295
-11662357
-11541121
-11534876
-11509735
-11507700
-11507038
-11472755
-11469108
-11467121
-11434030
-11421140
-11405345
-11342867
-11316792
-11311373
-11308048
-11284646
-11264913
-11258511
-11235944
-11204012
-11151072
-11113043
-11032973
-11018444
-10935386
-10922136
-10922051
-10919514
-10906495
-10894958
-10880360
-10863821
-10860640
-10845742
-10839787
-10802333
-10793861
-10772239
-10764466
-10738238
-10673289
-10671180
-10641833
-10620180
-10598199
-10589417
-10586548
-10583305
-10562201
-10507903
-10470768
-10431165
-10416360
-10402118
-10327489
-10327049
-10311445
-10311107
-10301876
-10268041
-10212816
-10197020
-10188343
-10186303
-10178859
-10176962
-10163793
-10147826
-10141203
-10118867
-10075467
-10062471
-10061302
-10050695
-10049825
-10041980
-9995983
-9976609
-9947106
-9891178
-9841179
-9789414
-9776037
-9724250
-9721200
-9720575
-9714765
-9712569
-9692425
-9677579
-9565955
-9557307
-9553790
-9552595
-9545729
-9514682
-9511944
-9480940
-9474332
-9473385
-9448084
-9435157
-9406896
-9406565
-9394641
-9372024
-9355546
-9280767
-9232721
-9219461
-9201312
-9175190
-9165193
-9142709
-9121132
-9047938
-9047694
-9033296
-9022041
-8990637
-8956312
-8936304
-8933270
-8927105
-8890402
-8863805
-8843806
-8839084
-8820252
-8813356
-8783538
-8712067
-8709483
-8697759
-8618386
-8610993
-8569461
-8566070
-8516517
-8486072
-8457751
-8446420
-8445739
-8444484
-8441557
-8438521
-8435085
-8423395
-8421767
-8396072
-8360456
-8352053
-8344065
-8313499
-8290381
-8239085
-8238502
-8205695
-8179981
-8175310
-8172849
-8155920
-8130933
-8118920
-8110363
-7955326
-7852393
-7820226
-7764547
-7721701
-7686102
-7677264
-7669882
-7651595
-7643398
-7631857
-7614587
-7594120
-7517860
-7466668
-7449684
-7449530
-7444665
-7423985
-7376752
-7361774
-7315987
-7247670
-7176348
-7174818
-7174600
-7157598
-7130266
-7095766
-7086387
-7082528
-7073437
-7061613
-7041639
-7032885
-7029332
-7016800
-7009791
-7008672
-6972796
-6959803
-6957668
-6935970
-6901507
-6874395
-6851380
-6847165
-6808632
-6768713
-6728248
-6686139
-6684564
-6657628
-6647957
-6631715
-6629476
-6604278
-6593466
-6519761
-6436488
-6430631
-6420595
-6394890
-6370241
-6323285
-6287029
-6272398
-6259905
-6243145
-6216963
-6212215
-6183734
-6162906
-6146242
-6135957
-6117107
-6089400
-6072329
-6065418
-6034224
-6022219
-6012421
-6007332
-5982219
-5951913
-5944946
-5940314
-5911436
-5908827
-5902530
-5892713
-5888763
-5885829
-5879607
-5824997
-5819758
-5798446
-5793144
-5784454
-5763202
-5695903
-5682783
-5643271
-5624508
-5549971
-5529844
-5521119
-5515080
-5488235
-5468555
-5458289
-5457510
-5446776
-5425641
-5414695
-5410741
-5409688
-5409034
-5394630
-5369365
-5341602
-5323357
-5319416
-5312284
-5287376
-5278638
-5262958
-5257313
-5243690
-5187517
-5162426
-5144246
-5143975
-5125004
-5122490
-5090361
-5068426
-5054091
-5047488
-5035518
-4992445
-4969420
-4966491
-4960178
-4928852
-4922838
-4905087
-4887797
-4876432
-4865767
-4844266
-4836376
-4833025
-4826526
-4814913
-4775595
-4755002
-4744065
-4734219
-4732076
-4702338
-4696555
-4676630
-4617814
-4609663
-4598987
-4528148
-4513757
-4497137
-4488034
-4410628
-4391063
-4349588
-4330919
-4268310
-4262707
-4250290
-4239907
-4223285
-4221728
-4147903
-4111252
-4035483
-4020753
-4003962
-3984909
-3980966
-3897505
-3891001
-3860740
-3830876
-3749708
-3725917
-3720083
-3715670
-3675662
-3616716
-3583637
-3569637
-3541232
-3502534
-3496136
-3492068
-3488778
-3485489
-3484676
-3461295
-3456579
-3443345
-3434692
-3423256
-3416526
-3405559
-3396056
-3385239
-3380118
-3366553
-3360977
-3342542
-3334024
-3329062
-3325136
-3321676
-3306624
-3284887
-3258964
-3253323
-3200069
-3192516
-3155394
-3141078
-3111403
-3090265
-3071306
-3061945
-3053486
-3041800
-3040423
-3037386
-3030824
-2990458
-2950055
-2886756
-2882093
-2872023
-2838095
-2831770
-2807285
-2788547
-2743541
-2662175
-2640009
-2630219
-2622164
-2607129
-2602466
-2577731
-2521333
-2518887
-2486886
-2475331
-2443175
-2435326
-2422809
-2342107
-2340402
-2328699
-2311235
-2289451
-2199903
-2197142
-2187442
-2166153
-2138795
-2069252
-2008859
-1999415
-1991038
-1987799
-1984903
-1975378
-1970102
-1969948
-1949616
-1947883
-1942055
-1939626
-1939310
-1933473
-1927358
-1900158
-1859383
-1837575
-1817894
-1813012
-1811984
-1798367
-1763585
-1760538
-1734878
-1731277
-1676891
-1667422
-1659447
-1649319
-1573405
-1551482
-1532288
-1530903
-1529898
-1518799
-1401482
-1399982
-1336852
-1325041
-1312969
-1204840
-1184722
-1180358
-1173013
-1105910
-1104250
-1056864
-1016300
-1009504
-1002671
-984710
-982496
-968474
-961054
-953701
-922239
-914413
-908601
-849743
-844176
-825835
-807861
-803602
-802740
-794810
-790124
-787844
-782489
-760838
-722158
-672860
-669849
-628750
-616033
-593758
-577111
-563061
-554309
-545973
-542540
-527954
-488709
-486966
-483487
-475729
-453342
-436928
-348368
-348186
-321276
-311179
-307734
-265606
-256716
-256225
-255514
-191170
-176098
-172255
-166767
-155134
-153340
-151885
-140639
-117652
-111297
-101764
-101085
-83799
-76707
-35109
-22330
29202
32643
53835
67256
72621
118235
163351
222902
225192
263147
281632
289608
308161
320144
417190
434696
435838
436578
491975
523615
540514
545225
549416
629233
635691
646086
673502
677745
688824
693392
705633
731816
734694
740014
743943
819223
886521
892842
895228
917210
950808
976597
992356
1002310
1006225
1016053
1063988
1129636
1165728
1183348
1208959
1302389
1308954
1323803
1340732
1366228
1366406
1370109
1386779
1390687
1417396
1490799
1498851
1607508
1656569
1680707
1685774
1703062
1712776
1768650
1774903
1777181
1782171
1783085
1789689
1789893
1789986
1832158
1838648
1874410
1954100
1998133
1999001
2000287
2069267
2121009
2135286
2139391
2157032
2170618
2185276
2203107
2208967
2246987
2287124
2291742
2324434
2350454
2375675
2396719
2433420
2441208
2486744
2503074
2503417
2545678
2585758
2648552
2664477
2666719
2706709
2743125
2752887
2765154
2770500
2791026
2792517
2797246
2867034
2870331
2881300
2928163
2950869
2985001
3005944
3023032
3077954
3090458
3103696
3106909
3130855
3133407
3146591
3148987
3166797
3170619
3196830
3209438
3288664
3290830
3297285
3331979
3427388
3441581
3475830
3527942
3530384
3550101
3603633
3702249
3703690
3713755
3748158
3770210
3783173
3814684
3826523
3843764
3847421
3869817
3870609
3916176
3925275
3943653
3949845
3996966
4016737
4031480
4046293
4073144
4077749
4132608
4142110
4148895
4151088
4165699
4191119
4200981
4215139
4215991
4240916
4271339
4284560
4293860
4339043
4340499
4360276
4401891
4414604
4419975
4421550
4436875
4470617
4492354
4499077
4506843
4515584
4519306
4521988
4543807
4556635
4557231
4559485
4579238
4592526
4608447
4630795
4656787
4688859
4696985
4707825
4710545
4714052
4720782
4732963
4808315
4843720
4875620
4879174
4880383
4894880
4916435
4944900
4987005
5001439
5003663
5016184
5024748
5029408
5057794
5062146
5092746
5110078
5120909
5122742
5146476
5151098
5159946
5172377
5194568
5203169
5233698
5237692
5328084
5355933
5357825
5384717
5388895
5393393
5398621
5409757
5415117
5422186
5435249
5435859
5435996
5441180
5442144
5467524
5483452
5487421
5491858
5505653
5632173
5659812
5676789
5707537
5721193
5748961
5756668
5774251
5782005
5805508
5837522
5846668
5881671
5894697
5909908
5924961
5930472
5930551
5960584
5982176
6004905
6053586
6063068
6095581
6149102
6166008
6195230
6201119
6225632
6230221
6243482
6280166
6286607
6304241
6310681
6327472
6367353
6399873
6401054
6415273
6444276
6499437
6506643
6519533
6537015
6555377
6610466
6624952
6627123
6628219
6639810
6694511
6695612
6709079
6728215
6736532
6753656
6760990
6781145
6807605
6849089
6917099
6922031
6933852
6934642
6954367
6959459
6968632
6974581
6995531
7006230
7040092
7081610
7118749
7124222
7127010
7132988
7140515
7188958
7198188
7236474
7255358
7260999
7299615
7342129
7363299
7379062
7421637
7431328
7441609
7443057
7466774
7513355
7555129
7565654
7565970
7602366
7619766
7629076
7673579
7674466
7676591
7701458
7767296
7768044
7777724
7792542
7807687
7833855
7863498
7922495
7927509
7943475
7949925
7955775
7965746
7985999
7988482
8070010
8075854
8091069
8093518
8108361
8118816
8119994
8127753
8135215
8138581
8144654
8206254
8219059
8239707
8278743
8279919
8287992
8330312
8334185
8349289
8350527
8371708
8375448
8385273
8399313
8400636
8415527
8416571
8466117
8493406
8535678
8561345
8583828
8610389
8624727
8631684
8648627
8686505
8793991
8811741
8821797
8833665
8841986
8844235
8844437
8895087
8932597
8939763
8955948
8978730
8993571
8997685
8998173
9020836
9026714
9043163
9055548
9069346
9079337
9080135
9106320
9120312
9128296
9203888
9204069
9204469
9214685
9234490
9234785
9248899
9259474
9280677
9283452
9287330
9307992
9309559
9316369
9358677
9375948
9422515
9429377
9437173
9444746
9445446
9473532
9491894
9538688
9553499
9616302
9623396
9637681
9644313
9650173
9686936
9700665
9708557
9736143
9750456
9769993
9774190
9778831
9791881
9841300
9878772
9881326
9901306
9910023
9924950
9947449
9953651
9979292
10016985
10024389
10034333
10039699
10040039
10055365
10058402
10099056
10144999
10176548
10187460
10226567
10234792
10236756
10274601
10276585
10305078
10321815
10329470
10332049
10333123
10344334
10371185
10395034
10434413
10452681
10456108
10502727
10503563
10568537
10621128
10628101
10631691
10638554
10639547
10748389
10764900
10772428
10790541
10821069
10847185
10854276
10878333
10900290
10907249
10915208
10936333
10994458
11001687
11018961
11031349
11054449
11059675
11059801
11073057
11073600
11086738
11115676
11118940
11129713
11138545
11142724
11194573
11199974
11227123
11230216
11247274
11261951
11267369
11267624
11279430
11306820
11327054
11376430
11383843
11391336
11397064
11424350
11435922
11448819
11475090
11479401
11549990
11555581
11589109
11605600
11611204
11650586
11660404
11714326
11737753
11755093
11765984
11819523
11820105
11824456
11871984
11874548
11879813
11899605
11900989
11938938
11947407
11956426
12000163
12001329
12006513
12034412
12043655
12055432
12078992
12171513
12178547
12189638
12207636
12241495
12258650
12262394
12299338
12301244
12305686
12309010
12317340
12317377
12319596
12358648
12384471
12436221
12449236
12504690
12505646
12519832
12524233
12529472
12540942
12560214
12601096
12610548
12619149
12660105
12672922
12704382
12725077
12755436
12762568
12767492
12806561
12839044
12855199
12866135
12880043
12978168
12984960
13004545
13008211
13009766
13027369
13028325
13063871
13069850
13075748
13091095
13148304
13152286
13192087
13219946
13248270
13297523
13329289
13339783
13340104
13344810
13347285
13361916
13362179
13367057
13388521
13426356
13427769
13431607
13445605
13466503
13474825
13483216
13483714
13531147
13539820
13562610
13576938
13589236
13614321
13619767
13630572
13632848
13654247
13661274
13686210
13706312
13728372
13750281
13766007
13801367
13853622
13856551
13861010
13882070
13921232
13945184
13947663
13983008
14017453
14027607
14035861
14039414
14046394
14077935
14078147
14079906
14093533
14108733
14139536
14144414
14149320
14195409
14202473
14210474
14231034
14233269
14245105
14248698
14282572
14288120
14294164
14307510
14309506
14323879
14346866
14352206
14395885
14421114
14460711
14509651
14528039
14579315
14613254
14613551
14613885
14642877
14644298
14644595
14657682
14669670
14676519
14682637
14685302
14741613
14749042
14764763
14791826
14804033
14869123
14935593
14939911
14945567
14953749
14967523
14993021
15009159
15110142
15121262
15124537
15129061
15130556
15144435
15201258
15228188
15279231
15344719
15365660
15388312
15407867
15421942
15436552
15444084
15464520
15478925
15489605
15532339
15536423
15566670
15570230
15581949
15614921
15617692
15618707
15725804
15742953
15764213
15779209
15797525
15816248
15829145
15841260
15889108
15909404
15937262
15942521
15975653
15976151
15989367
16025427
16052698
16055136
16072904
16096507
16118708
16122900
16128817
16160964
16181272
16209694
16244274
16259221
16295444
16320644
16324014
16328382
16353438
16364952
16367463
16371180
16396876
16397839
16426760
16448322
16448322
16455574
16461540
16470942
16471014
16475110
16563233
16636650
16643602
16643602
16697549
16713781
16718302
16741786
16772483
16776759
16801166
16818047
16838005
16928011
16992815
16996839
17053839
17061108
17078189
17095996
17138879
17143145
17143951
17150526
17219583
17224691
17227771
17267071
17269149
17276832
17284362
17300814
17318122
17365593
17441077
17447293
17450917
17459117
17476949
17490652
17510783
17528546
17546991
17595670
17598804
17600688
17624520
17660833
17750703
17774838
17782179
17864021
17880700
17885480
17894607
17898948
17902054
17912300
17923310
17924095
17939206
17942167
17948811
17969726
17970343
18043666
18063074
18084084
18099481
18121185
18260541
18271498
18310684
18317615
18327663
18349642
18414209
18421423
18444498
18490907
18572519
18586197
18592932
18624900
18627033
18643203
18649190
18681139
18714426
18717961
18736937
18737517
18744006
18746496
18763292
18777961
18807334
18881297
18898027
18945551
18971112
18974971
18983250
19008277
19012027
19040334
19068988
19069519
19081545
19085734
19089216
19108044
19114670
19115402
19124190
19142636
19170723
19176677
19211949
19245680
19285895
19322887
19332930
19369836
19405136
19408789
19409397
19418239
19424383
19431790
19434208
19449386
19501659
19505686
19516453
19530212
19550630
19611468
19676994
19690598
19696275
19718364
19726791
19766172
19805980
19817070
19847653
19850352
19870485
19872784
19910551
19932172
19947726
20001824
20004603
20028208
20041636
20048877
20062059
20082691
20089949
20093870
20167147
20198517
20202347
20214796
20216761
20218204
20244591
20269202
20277760
20299079
20337228
20344572
20391655
20426271
20453823
20461572
20465186
20477517
20529869
20560403
20574003
20597002
20610521
20627282
20645365
20652353
20657329
20726206
20794471
20819989
20825101
20838557
20841298
20842291
20889852
20903807
20930862
20952026
20975364
21021288
21052428
21111667
21150832
21162646
21171635
21181264
21186901
21226376
21231859
21262382
21278510
21282002
21305664
21316024
21318215
21323508
21329230
21333290
21338897
21401010
21415605
21424358
21447956
21451728
21502322
21549866
21555166
21570433
21584058
21591600
21618005
21661968
21668364
21675920
21681429
21714245
21718129
21725824
21730172
21730606
21735786
21757868
21783935
21785663
21825425
21840697
21850145
21875222
21916548
21968241
21997719
22000196
22013595
22056569
22058830
22067813
22082177
22089896
22094396
22097765
22123098
22123226
22124242
22128185
22133798
22134658
22135364
22200678
22211499
22218006
22260026
22280483
22281959
22292640
22300417
22343330
22351800
22364376
22365023
22388794
22389183
22394147
22434572
22442172
22459595
22494400
22494985
22505872
22532851
22533365
22542797
22547490
22547838
22576394
22589425
22597450
22600662
22660975
22685307
22695468
22722924
22728583
22798802
22822798
22826822
22834590
22975975
22978796
22992862
23047810
23055083
23064954
23077543
23086616
23088017
23092023
23103721
23151304
23165967
23173059
23182439
23244236
23265792
23279465
23301729
23333051
23395332
23417950
23446970
23462643
23492563
23504435
23507960
23530581
23539406
23547731
23575286
23599825
23606800
23671404
23709030
23763519
23792070
23811260
23845247
23850015
23856138
23860752
23866797
23873143
23895773
23905023
23910300
23973642
24013162
24019759
24024277
24025195
24026145
24055236
24118804
24131603
24217066
24221276
24222387
24234606
24247903
24249531
24256419
24267050
24267597
24273917
24278856
24366033
24390465
24457561
24462620
24473224
24482347
24520604
24533377
24543481
24580134
24612039
24616046
24621840
24622380
24635684
24640626
24644531
24669526
24704758
24746235
24762301
24767753
24770320
24778970
24873210
24879782
24927498
24946078
24946296
24949529
24974621
24997254
25019240
25056885
25072867
25093591
25135797
25146156
25152514
25215885
25245396
25255396
25310591
25311539
25333993
25336357
25336867
25342184
25350962
25379254
25421152
25422123
25426308
25438150
25438287
25485427
25491472
25494745
25513753
25528207
25572297
25577792
25589822
25591575
25616165
25647793
25658189
25661742
25675275
25700963
25756625
25776517
25779860
25815206
25822910
25837155
25853835
25876355
25887123
25890402
25905037
25915845
25920021
25938729
25975321
25976147
25982571
25983878
25988957
26012888
26015621
26039591
26065275
26095242
26099849
26126146
26139146
26148978
26165904
26175304
26199850
26242022
26253614
26263051
26290895
26310495
26320716
26344889
26382290
26412604
26434049
26516502
26551469
26568098
26578773
26581475
26604464
26626145
26632778
26645413
26663567
26671968
26681318
26695878
26717479
26754356
26755658
26777562
26777759
26798984
26808574
26828690
26831266
26846061
26896027
26896811
26905143
26916633
26946561
26994447
27023216
27071995
27082350
27087760
27089017
27138720
27147458
27185002
27207890
27214331
27214430
27238915
27261990
27278947
27298991
27327538
27335434
27340478
27380751
27385500
27389269
27434594
27525339
27534542
27545643
27593892
27606273
27613420
27631565
27653456
27662459
27668177
27676499
27705578
27706727
27756232
27759287
27768927
27783504
27808579
27811869
27816615
27829653
27844379
27955428
27957364
27958190
27964283
27978448
27979279
27996063
28017775
28027532
28036828
28056370
28077460
28116009
28122552
28124005
28149535
28177910
28283520
28286748
28309361
28317492
28328360
28364081
28364602
28390853
28403852
28417591
28423400
28430669
28434695
28446173
28458231
28461385
28466502
28475309
28494016
28494095
28549629
28557314
28610666
28614025
28665646
28685091
28734552
28758101
28765852
28774868
28782236
28812618
28824789
28864219
28878539
28889504
28897050
28900016
28923283
28953036
28960727
28964428
29012872
29069491
29086469
29112849
29125247
29125337
29136406
29159107
29161016
29161401
29163840
29192157
29194055
29215424
29227619
29255510
29275821
29292773
29308767
29311900
29338817
29359155
29372918
29390682
29401840
29416856
29423893
29424370
29497914
29506270
29509248
29509339
29563326
29565467
29587769
29598859
29604132
29655973
29671977
29732402
29787811
29806538
29838853
29861303
29892304
29907191
29928991
29947923
29981483
29998544
30010534
30010609
30047145
30051128
30057498
30077269
30081162
30086157
30120666
30127696
30129182
30130293
30132978
30134304
30136515
30167214
30190558
30245943
30291486
30305501
30310392
30378763
30411566
30421897
30423761
30445824
30460619
30466733
30467830
30475545
30484644
30506495
30530138
30536922
30568760
30602415
30603699
30610250
30613129
30634094
30634797
30652675
30673972
30683235
30695845
30714683
30720662
30725953
30732527
30736546
30738486
30781620
30803392
30812335
30824319
30877196
30927120
30933169
30990537
30997917
31012761
31023183
31026824
31083260
31124688
31142560
31160134
31174880
31180960
31193256
31200865
31249072
31298777
31347786
31369030
31390606
31390773
31418821
31430241
31450655
31576456
31636534
31639025
31641241
31662138
31692315
31705221
31711534
31713942
31742073
31779097
31780976
31805427
31814483
31823659
31828656
31829339
31835000
31861875
31867700
31875562
31877345
31917664
31921387
31938009
31939093
31990420
31995255
31998692
32034687
32070613
32092637
32093904
32096142
32112611
32141702
32172128
32174713
32204909
32238216
32272695
32300289
32339506
32340178
32355610
32365910
32369826
32374470
32389652
32404603
32405633
32407830
32417967
32431574
32441755
32467805
32531286
32555060
32561615
32577719
32596928
32619825
32628560
32643282
32648323
32657285
32675273
32676886
32684279
32685354
32709159
32714356
32764704
32778417
32791910
32804744
32834056
32858500
32907632
32982787
32998010
33017684
33041257
33068629
33075106
33088649
33109528
33197977
33296136
33296584
33302195
33324091
33329155
33330177
33356039
33364159
33395739
33410206
33457910
33527126
33573031
33575581
33585990
33587965
33596755
33729734
33743957
33794226
33819793
33825035
33847705
33848647
33862207
33881171
33892912
33917487
33921408
33950509
33965988
33970783
33972141
33972279
33997967
34009608
34022400
34124280
34130856
34196601
34275665
34278133
34282544
34285814
34290425
34292474
34318549
34331200
34349729
34378178
34393572
34402716
34404218
34404444
34414326
34437354
34456194
34516738
34554023
34579344
34596606
34615441
34619986
34684028
34705169
34724487
34724638
34748389
34754438
34768607
34771783
34826351
34874194
34875670
34901033
34922347
34923633
34955277
34966353
34971774
34983778
35100489
35121277
35178139
35203346
35217487
35236153
35276525
35292287
35309884
35310638
35325827
35349166
35357526
35377345
35412778
35432936
35433449
35433834
35446040
35473726
35476563
35508877
35513288
35529317
35537728
35540942
35560372
35574795
35601526
35618232
35622210
35644291
35679468
35690010
35722017
35733695
35733774
35738723
35754139
35757168
35762700
35794145
35800489
35832542
35837057
35853102
35857453
35863726
35913974
35938436
35957398
35957615
35994350
36010177
36036094
36056111
36056811
36057128
36074995
36089757
36098300
36130829
36152942
36199911
36214650
36244511
36327998
36336787
36344843
36358176
36371190
36372759
36395692
36431419
36451312
36457266
36459246
36474878
36490889
36524846
36618700
36624432
36651878
36757815
36762410
36782205
36798438
36818470
36836323
36851996
36893123
36926952
36985264
36997145
37000576
37006808
37008919
37047860
37090694
37097475
37104167
37106246
37183003
37202952
37222324
37249355
37251373
37270987
37284171
37346184
37373449
37380728
37399974
37408648
37462811
37544281
37551086
37556213
37569874
37645355
37645920
37698331
37738691
37739005
37750470
37781449
37791030
37830002
37830864
37873285
37922746
37923191
37954255
37978368
38017893
38032322
38034017
38070451
38077939
38106718
38110813
38157397
38165292
38176094
38180339
38206982
38208669
38277884
38290417
38316320
38317989
38320574
38322890
38325105
38327581
38371555
38437158
38463179
38464465
38466991
38491509
38514023
38547553
38560055
38617699
38664470
38692312
38754481
38801653
38818198
38831476
38832470
38849246
38882238
38902849
38911779
38927301
38965472
38971419
38992327
39004936
39008958
39025838
39068643
39069365
39107640
39175839
39176172
39179780
39219316
39273794
39287618
39289818
39298439
39320564
39341888
39341962
39342142
39348553
39386423
39408629
39413931
39418731
39443084
39457353
39465393
39475170
39479178
39499068
39518786
39554571
39581330
39610693
39646222
39674076
39703391
39741346
39747596
39750854
39753559
39763493
39765486
39766540
39803898
39811693
39818672
39859937
39867219
39877853
39909164
39910430
39926609
39926895
39927172
39945635
39946445
39954218
39966489
39974498
39976816
39991493
39999784
40037855
40076009
40086382
40086430
40103305
40107223
40134470
40183435
40202989
40208931
40216589
40235090
40243239
40252008
40254558
40262594
40296887
40307512
40318151
40461030
40521944
40558750
40591154
40605438
40608810
40614307
40622320
40651988
40663082
40704293
40727556
40745283
40774606
40838481
40851668
40872347
40885836
40915200
40917689
40918700
40939000
40962268
41013441
41019395
41065886
41077067
41077807
41078564
41078964
41080100
41086615
41111295
41117778
41137430
41168138
41183794
41185213
41190178
41208905
41223467
41251762
41273486
41290102
41297455
41306069
41351110
41379745
41389639
41401281
41433146
41448127
41472930
41494907
41518697
41544435
41553469
41569320
41569516
41571787
41591702
41650168
41651790
41672392
41683072
41692200
41706203
41706221
41716880
41739550
41741589
41742321
41766062
41768552
41770262
41772668
41778930
41794036
41812857
41824589
41846089
41848710
41859962
41864152
41870028
41875086
41880791
41900419
41948431
41967447
42019081
42043304
42044288
42064568
42067183
42149472
42151151
42162551
42167749
42187777
42224169
42227761
42299381
42306931
42343413
42402720
42409149
42417428
42481547
42530563
42564196
42609144
42613526
42618096
42673537
42696092
42703024
42705594
42745106
42822290
42824091
42827128
42830628
42859405
42886358
42900183
42939880
42975504
42983397
42996965
42998141
43003668
43028583
43055928
43056158
43081638
43117815
43120713
43136471
43145462
43166938
43182070
43241664
43262509
43279173
43305386
43329308
43364261
43368707
43376928
43377315
43476782
43515394
43528231
43559748
43569942
43639738
43657168
43685074
43738526
43742872
43743886
43771205
43792696
43795548
43812735
43841014
43843262
43871204
43871716
43894833
43924589
43950343
43981887
43996870
43999285
44014751
44019248
44020542
44023620
44044955
44084000
44147298
44158983
44211730
44257504
44263060
44286340
44317059
44325910
44344949
44353766
44375777
44377456
44421839
44471426
44475261
44488040
44529866
44548176
44556962
44572285
44630540
44652647
44689659
44693729
44698186
44707316
44719508
44752882
44757245
44799998
44858002
44900952
44916531
44922071
44930877
44931167
44971448
44988837
45016217
45077475
45081131
45093488
45101718
45156043
45222421
45234105
45253467
45273999
45277113
45309308
45363299
45384043
45401714
45492977
45501208
45503314
45507078
45511552
45525560
45534807
45576967
45601824
45603509
45607748
45614201
45642981
45664746
45696378
45717048
45730829
45740891
45773864
45775701
45837586
45860203
45954220
45977671
45993619
46003743
46006628
46040422
46046822
46057042
46100178
46115437
46122676
46147997
46160126
46171264
46173166
46177939
46190849
46195211
46248868
46272926
46281669
46304200
46310839
46366000
46378452
46397315
46405371
46417064
46427038
46440125
46454091
46526304
46589777
46619774
46619836
46621189
46656526
46658893
46672768
46710132
46793650
46797187
46800380
46815515
46862716
46873477
46925611
46929851
46936175
46947286
46960621
46967448
46994110
47047523
47047950
47083554
47118338
47147319
47174651
47174673
47188719
47193891
47212939
47217236
47262341
47282944
47322296
47347809
47348836
47365875
47368902
47380208
47398056
47425075
47437269
47457845
47501198
47504109
47509413
47525877
47576052
47576333
47593580
47628094
47656086
47661655
47682579
47682969
47687038
47722115
47730829
47755184
47760810
47813688
47830101
47860262
47873477
47889896
47918140
47921103
47951310
47969140
47972648
47976725
48003119
48004969
48005666
48023261
48025179
48043095
48044097
48049880
48059820
48060272
48069771
48080215
48135041
48139737
48233942
48251974
48266592
48300826
48332325
48348003
48351640
48374031
48374193
48388600
48418687
48463804
48499207
48528923
48546198
48548615
48569076
48636336
48656537
48664421
48671616
48692898
48702639
48725127
48783712
48799612
48814403
48823721
48844167
48858451
48859229
48877654
48912221
48936278
48963925
48971794
48980256
48991439
49006787
49038000
49038516
49103396
49137723
49153286
49161044
49184250
49188180
49191367
49213913
49216743
49232610
49235323
49244045
49334854
49373115
49386202
49423632
49425493
49425565
49426815
49430184
49451901
49490681
49522410
49598097
49606784
49610912
49629929
49633912
49667837
49676898
49698511
49701369
49716351
49770426
49774178
49783296
49820684
49832801
49859844
49872110
49930312
49930641
49948572
49953646
49986965
50044398
50057343
50074688
50103495
50126581
50128004
50138818
50147611
50163982
50198622
50210029
50215073
50271823
50273678
50316627
50320248
50337215
50358886
50361804
50372387
50374042
50383444
50392128
50427974
50444497
50455448
50486091
50506005
50511856
50529757
50545627
50547510
50547989
50582509
50594622
50594822
50632006
50668841
50677240
50677249
50682997
50701376
50706379
50732558
50748983
50753944
50767557
50784579
50785568
50797322
50819805
50829539
50839600
50934348
50945791
50997629
51003099
51024008
51028722
51038591
51050088
51060322
51088557
51113562
51116817
51149275
51162933
51168232
51175651
51208187
51257793
51283227
51361026
51361929
51364077
51379105
51379600
51397687
51416563
51456869
51492194
51505441
51520714
51521242
51535658
51573207
51582358
51604564
51622800
51635171
51652053
51656043
51657830
51667606
51676421
51711624
51751583
51754439
51764332
51774329
51777642
51779495
51837451
51848847
51857987
51869649
51892837
51893056
51895000
51900684
51933434
51958357
52060611
52098101
52100542
52101869
52133169
52133376
52149668
52193001
52198437
52205828
52250771
52285169
52299471
52302824
52455633
52456629
52468579
52469951
52494260
52501461
52542126
52544540
52588542
52619858
52698448
52759521
52764444
52821172
52828767
52832419
52835953
52838492
52851449
52867412
52884469
52885443
52886911
52897790
52919586
52923418
52962493
52970865
52977181
53004850
53008634
53050373
53075051
53085947
53088828
53112618
53165099
53166866
53196809
53211865
53213242
53221781
53260862
53261821
53298024
53325894
53395982
53396215
53397905
53415062
53438479
53464144
53470330
53470511
53491324
53524552
53535357
53537669
53546435
53547541
53558082
53560560
53575987
53588918
53589595
53596029
53597451
53609465
53622690
53677752
53683399
53694012
53752428
53760895
53764382
53838756
53858854
53879776
53888188
53891791
53943382
54005951
54056095
54101944
54159396
54184586
54238869
54253181
54266058
54267509
54287108
54319416
54343499
54343773
54353118
54369824
54369856
54438513
54509854
54520468
54615330
54617214
54629260
54630579
54652244
54670080
54691461
54711759
54744532
54773167
54818202
54835715
54843969
54879409
54891274
54909861
54925336
54926101
54939760
54995482
55044664
55057483
55064866
55071391
55078846
55130793
55142516
55157507
55159248
55189439
55195036
55227699
55229140
55237063
55253041
55274949
55335411
55345200
55380200
55381735
55384016
55385918
55427621
55457521
55499405
55507303
55544015
55548330
55577528
55602719
55606606
55620349
55635682
55640211
55704401
55731025
55737198
55738400
55761083
55771940
55781945
55840353
55854559
55876240
55877144
55884358
55901560
55926767
55948517
55959833
55961452
55973989
55976683
55981573
55989453
56002049
56036092
56041194
56066592
56073198
56217273
56219417
56222240
56228776
56283623
56300590
56334835
56339548
56352591
56357246
56369227
56377154
56381314
56429409
56448724
56458255
56484091
56488854
56519366
56531012
56546581
56547188
56572426
56578117
56584361
56593335
56596792
56601768
56606204
56610790
56652128
56665436
56686984
56791052
56795412
56814046
56844395
56864921
56886059
56926751
56937530
56946923
56956359
57008691
57010195
57031682
57097982
57098599
57118841
57118886
57137129
57139993
57143810
57167854
57200296
57214441
57223071
57236268
57260948
57275377
57337718
57388461
57413779
57416326
57435481
57436626
57443911
57451096
57455053
57464969
57476826
57485020
57496551
57535175
57535878
57544863
57545418
57547233
57549101
57594791
57595094
57614109
57670057
57682745
57684508
57693785
57752882
57814939
57818940
57822333
57841762
57855723
57869463
57887413
57896569
57904286
57932572
57968562
57977153
58014518
58015951
58050585
58057391
58068274
58084889
58091994
58101391
58112628
58209393
58216339
58216434
58226549
58233607
58236083
58305644
58310738
58316322
58318567
58343662
58345432
58378340
58406004
58413116
58413829
58444239
58457735
58587092
58599973
58606772
58642555
58658011
58672797
58674827
58687858
58701105
58722144
58756877
58761790
58793823
58819027
58820836
58829835
58831714
58847222
58864434
58872752
58907399
58919975
58934618
58965963
58967171
59002102
59008559
59026950
59032052
59056945
59084563
59101918
59130739
59146770
59149772
59214751
59215161
59218732
59219804
59314383
59317917
59318890
59329616
59338100
59340555
59371458
59388331
59419825
59443554
59479978
59480174
59491454
59502380
59513808
59551884
59560372
59599696
59603828
59608120
59611111
59630461
59638449
59645201
59649282
59650328
59662269
59697593
59727906
59732923
59743274
59749668
59753514
59757396
59761941
59773858
59804609
59812655
59821370
59850164
59865976
59887571
59888494
59898085
59925685
59930350
59932305
59942596
59946960
59956159
59975306
60005510
60009109
60049571
60069865
60076897
60082986
60091164
60100459
60102118
60104748
60150786
60157074
60168419
60194920
60197879
60211275
60238263
60277199
60287345
60294940
60302394
60316607
60323805
60333724
60353523
60360304
60364041
60365689
60373425
60376426
60379425
60383882
60387118
60390835
60402913
60405587
60422494
60424357
60451218
60470815
60566645
60578203
60591470
60655495
60659162
60669246
60672757
60678300
60698447
60714163
60744356
60747464
60787153
60787985
60788023
60796535
60802656
60837665
60859761
60883793
60885503
60891856
60909635
60910696
60936195
60943841
60963656
61020035
61027662
61073116
61087753
61093598
61114255
61127520
61144393
61161198
61168045
61175813
61181002
61244203
61248649
61249430
61259507
61278549
61282978
61300878
61314879
61380101
61385145
61393406
61418091
61421102
61499874
61544261
61588914
61613796
61619204
61619237
61630153
61645346
61658198
61690126
61708187
61713128
61746727
61749199
61762135
61765234
61780101
61790757
61802224
61824118
61847592
61851313
61855326
61872998
61884377
61908853
61918546
61919872
61920445
61935091
61936227
61959586
61970372
62027135
62045291
62108670
62142161
62160612
62161774
62176004
62231822
62233940
62264981
62292893
62296692
62305924
62310079
62334662
62354036
62375732
62384242
62389762
62405895
62442216
62471861
62474375
62503346
62517689
62611569
62632657
62658249
62671714
62709278
62718778
62730337
62737819
62758926
62816738
62832674
62835774
62837879
62866722
62920528
62947872
62948636
62985961
62992258
62998791
63003572
63017175
63035709
63045928
63071020
63078802
63114684
63156585
63205814
63222527
63250202
63277275
63285737
63313914
63315753
63401076
63407058
63409633
63438411
63439887
63449861
63482182
63508985
63518503
63541114
63559878
63565214
63570029
63587171
63607859
63635351
63638059
63659050
63663559
63681338
63689865
63705211
63705312
63804077
63839919
63839973
63875175
63888153
63914784
63927383
63984647
63988425
63989210
64002619
64020699
64028690
64034994
64060769
64063539
64064510
64066199
64076220
64089759
64096365
64120521
64178910
64179148
64207358
64262076
64286965
64304161
64332244
64334251
64352936
64367413
64396277
64441857
64450015
64484812
64524040
64535533
64572778
64592572
64657098
64659745
64667168
64689407
64710460
64765604
64779785
64782889
64799935
64810210
64825155
64827711
64832723
64835887
64890218
64936209
64945610
64957708
64958846
65015466
65016544
65025449
65035958
65074885
65082875
65099431
65105319
65120980
65121165
65131946
65150701
65152122
65158306
65168253
65214690
65221495
65225145
65238025
65242720
65253139
65261074
65298582
65299972
65326690
65338675
65358459
65361926
65401905
65403519
65420198
65438002
65472151
65491515
65497442
65505012
65505475
65536313
65569887
65604440
65606539
65661285
65661637
65669289
65676813
65686202
65699363
65734717
65746022
65804822
65821911
65833661
65856313
65859100
65867722
65872657
65879535
65927360
65933941
65952325
65967889
65968531
65982852
65992258
66056188
66060547
66061014
66073432
66088166
66102954
66112157
66117679
66125743
66127730
66158539
66223273
66231217
66258653
66305741
66320704
66341518
66376601
66385309
66386884
66397181
66445234
66481242
66483453
66494022
66497117
66510598
66535323
66550369
66562251
66577214
66587137
66590004
66627780
66633331
66656110
66678945
66685553
66740189
66740926
66741393
66775192
66788790
66797719
66798983
66817140
66843187
66845609
66895460
66919521
66933038
66935725
66943503
66952501
66990198
67010504
67041471
67053911
67062718
67094347
67116388
67158909
67180260
67193576
67232886
67249721
67258359
67283716
67289002
67330010
67339541
67411265
67420819
67438435
67444561
67444818
67455262
67470930
67473087
67488422
67490825
67551448
67570777
67584266
67600571
67634080
67718771
67722167
67747177
67754145
67780479
67857045
67868166
67869439
67897794
67902733
67911457
67928284
67933329
67948454
67949936
67960628
67966390
68009442
68016988
68034619
68051222
68098372
68102491
68142373
68149923
68155056
68173144
68194325
68206567
68241639
68249345
68258434
68258477
68260938
68288272
68313445
68340327
68363499
68368773
68402538
68523043
68526301
68548734
68550924
68553528
68565851
68576570
68606804
68613449
68639484
68726117
68740530
68767140
68769711
68780104
68806279
68880699
68884395
68915319
68924555
68929775
68946174
68962060
69085139
69145963
69152665
69167312
69227816
69251551
69300823
69322472
69342366
69354717
69405390
69417865
69462474
69493884
69524013
69602459
69613541
69624010
69624928
69704830
69742099
69755870
69773586
69774455
69774517
69820376
69829389
69875699
69901328
69917692
69922227
69929298
69966081
70001210
70001212
70014343
70023923
70084802
70091478
70141150
70164542
70263393
70275498
70277492
70322441
70327363
70347884
70353316
70371208
70372055
70398662
70422056
70456022
70496456
70509350
70514751
70525119
70530696
70562195
70579010
70593712
70623275
70656145
70678548
70734363
70739042
70749800
70957652
70959906
70962211
70978837
71000462
71001265
71016481
71029120
71034749
71035245
71045231
71174151
71185955
71193001
71208326
71216059
71218913
71228154
71241897
71249099
71327592
71336354
71353405
71356400
71380848
71412870
71415277
71415813
71430739
71434083
71455793
71469199
71469929
71488126
71488163
71495307
71527168
71575024
71587709
71601701
71654073
71666468
71669062
71691496
71785281
71808377
71808619
71909323
71925789
71946474
71949254
71969139
71978344
72018996
72021076
72025245
72027088
72028416
72038540
72047229
72048756
72085132
72101434
72103768
72106686
72135524
72186973
72211364
72239166
72260135
72286605
72312456
72316605
72336611
72336908
72394147
72462832
72520198
72566883
72570321
72591770
72617317
72635492
72640587
72644790
72658160
72666400
72669983
72735786
72744804
72756988
72825357
72845497
72857119
72901725
72909172
72942001
72946347
72960500
72972880
72981690
73016356
73017087
73063528
73064436
73088588
73090538
73092624
73101667
73112892
73117060
73127673
73147570
73153356
73165080
73206394
73215695
73259690
73265045
73281908
73331735
73335282
73344408
73369125
73380884
73387809
73418270
73426608
73428967
73450493
73550815
73556353
73578336
73611095
73660424
73671596
73714717
73759051
73764208
73781002
73796447
73797618
73809972
73818152
73823228
73840178
73859667
73896665
73907884
73930112
73969643
73971136
73995294
74004162
74010731
74018495
74031541
74053964
74071171
74097430
74185849
74189610
74211147
74233875
74266512
74318263
74352840
74375315
74398618
74417372
74429165
74430256
74436374
74442921
74454276
74460733
74493513
74548717
74553657
74608009
74647917
74670177
74683188
74697904
74725606
74739830
74751567
74878043
74919224
74939162
74961454
74995620
75034940
75037950
75045356
75047782
75055124
75063609
75098435
75140557
75144250
75172934
75187226
75194417
75198754
75213529
75241071
75275960
75295208
75297059
75312326
75314173
75341342
75361308
75366753
75374894
75427918
75440279
75451954
75532729
75563740
75622833
75624148
75633909
75645820
75656664
75675348
75688606
75726855
75779424
75789503
75818148
75818367
75915987
75923719
75970791
75984889
76012233
76044225
76045491
76052863
76061525
76068675
76069925
76101383
76110655
76166302
76199408
76248283
76280193
76310626
76324949
76345905
76346557
76449924
76479533
76510446
76532856
76579599
76584110
76611801
76631322
76632115
76632512
76667583
76674184
76690901
76693436
76698996
76716142
76732880
76735621
76757174
76790514
76796130
76838898
76843488
76874939
76890634
76911053
76925584
76945172
76962385
76970596
76977543
76980385
77028386
77067692
77067827
77079124
77081099
77083264
77084301
77085603
77112376
77121046
77122828
77131288
77135231
77145262
77149984
77152491
77156555
77176055
77249006
77296353
77312864
77324329
77351707
77374597
77378231
77379142
77383532
77386145
77390499
77458608
77468981
77477118
77481383
77496161
77500343
77530080
77533063
77573856
77575289
77582733
77604208
77620339
77639284
77645941
77649695
77662354
77716473
77728076
77759426
77768058
77777664
77786697
77809440
77839354
77843319
77849080
77869135
77879200
77890734
77901297
77908659
77978008
77995668
77997082
78000467
78011777
78030298
78031753
78079918
78094983
78105958
78111955
78207907
78235913
78269809
78277620
78310430
78324760
78328944
78372383
78373236
78377315
78377352
78391476
78422816
78434570
78435089
78461928
78466493
78523007
78547407
78552654
78586278
78589311
78590301
78601742
78620155
78625817
78651504
78652165
78654523
78659795
78703858
78717557
78728475
78745696
78760647
78801522
78826486
78838309
78870720
78878918
78926294
78973098
79005871
79013643
79013879
79014916
79026758
79037717
79039300
79040847
79043948
79089416
79170222
79174119
79243981
79256858
79257207
79287122
79296687
79305970
79317614
79363180
79400625
79412953
79463430
79465906
79511717
79540047
79541812
79562422
79567808
79605883
79609255
79617496
79640969
79642786
79652010
79660787
79706061
79724372
79787953
79810398
79820617
79830211
79845469
79864164
79946339
79963414
79982173
79988950
80003026
80007527
80008624
80051094
80089314
80092238
80100337
80132567
80149526
80157799
80159026
80169522
80178856
80215832
80254450
80272235
80334238
80340809
80381934
80390123
80439852
80458721
80460411
80528193
80533676
80561549
80585399
80649146
80661752
80685393
80720905
80725474
80726238
80729086
80732956
80806232
80806600
80883610
80891094
80895976
80901671
80905594
80918254
80923648
80953299
80954641
80999235
81022285
81068463
81072895
81079018
81098126
81110161
81123671
81139165
81145124
81188238
81252314
81253766
81264566
81349081
81366155
81377308
81392020
81398196
81399055
81434464
81440421
81465992
81468071
81472608
81540158
81558028
81561918
81568054
81586928
81647238
81648365
81649874
81664774
81669036
81675723
81704600
81728843
81744736
81760918
81805060
81835932
81857754
81864490
81880874
81922674
81930184
81961053
81997326
82024107
82043239
82072170
82077095
82082626
82108604
82135235
82169629
82171509
82234622
82243020
82272713
82292384
82306576
82324958
82332845
82416364
82458468
82468426
82508779
82536638
82541653
82574306
82595263
82630459
82634788
82663565
82733831
82739767
82782762
82845707
82848466
82891404
82892674
82902231
82915049
82947502
82950976
82960682
82970458
82994972
83006233
83033808
83128980
83133976
83136065
83137058
83146780
83156426
83184618
83192591
83206457
83226892
83253465
83268452
83274805
83296842
83304117
83304140
83370767
83389915
83390991
83499085
83500508
83533697
83543843
83553194
83561229
83612997
83614803
83617195
83623698
83627674
83633906
83640370
83649759
83667795
83684151
83689424
83732743
83744795
83750313
83752638
83758839
83785833
83790115
83798850
83833802
83852127
83854808
83877940
83953770
83957092
83969171
83969239
83976178
84017593
84024336
84041154
84129974
84141984
84162017
84175946
84176709
84236334
84243668
84282394
84293430
84313900
84315562
84326878
84333630
84349149
84351241
84357659
84380043
84384603
84403838
84412621
84413842
84416014
84421184
84434446
84436307
84473160
84522291
84567986
84637127
84652871
84667012
84672625
84729880
84741597
84808816
84835962
84852218
84856143
84857975
84884712
84904675
84964824
84972869
84973693
84999891
85013245
85027224
85053291
85053694
85064312
85072320
85079941
85081858
85111407
85116874
85121779
85123956
85136354
85154571
85159832
85190583
85234840
85250716
85294886
85323918
85358905
85386200
85395910
85411263
85432395
85435203
85440956
85461763
85481757
85500552
85514855
85563979
85567935
85581929
85620139
85636047
85642109
85643295
85653823
85713317
85728396
85759226
85827115
85846272
85855361
85864067
85889599
85907949
85930373
85962106
85979905
85980827
85996762
86051231
86079551
86123322
86158427
86161135
86166592
86202816
86246586
86253219
86282861
86291586
86316500
86318778
86331734
86333220
86354887
86359396
86377268
86378391
86380337
86380710
86431661
86486434
86496359
86543375
86597637
86600111
86608042
86614255
86622428
86650314
86748803
86754167
86765342
86766065
86778616
86788504
86805748
86870066
86873614
86908907
86911769
86917398
86982392
87028495
87077315
87087438
87098069
87132004
87146218
87165046
87195365
87205981
87213931
87273013
87275207
87276704
87304544
87313521
87346814
87391880
87418392
87433226
87438744
87439031
87453890
87460849
87477900
87484057
87484896
87497081
87502811
87527459
87546012
87559721
87562774
87582964
87590455
87621899
87625918
87638596
87660158
87672099
87683066
87708097
87729700
87735296
87766267
87776079
87786427
87795640
87834062
87835579
87858940
87861478
87862064
87887436
87890729
87920551
87921748
87943495
87946512
87956148
87964026
87986415
87996046
88025064
88046084
88054473
88068911
88086268
88089523
88140585
88152717
88220343
88266653
88320574
88325708
88344148
88383742
88386675
88397398
88407785
88412420
88435582
88479716
88481115
88502772
88582044
88596722
88596848
88601430
88605295
88618722
88622670
88624573
88704985
88716895
88718879
88761916
88790281
88814378
88869292
88889206
88900482
88903834
88908218
88913661
88917641
88936123
88970271
88995087
88998177
89000521
89024188
89035839
89043074
89049461
89082235
89103351
89112840
89134191
89149326
89254834
89263414
89277930
89302571
89310109
89310414
89318263
89333584
89375588
89394214
89427812
89430110
89438102
89453572
89476391
89485466
89496940
89538465
89551497
89572406
89591065
89601942
89652449
89686543
89697862
89697912
89702964
89716910
89734738
89760807
89765501
89812320
89812477
89825064
89847691
89852495
89884919
89890337
89893467
89894999
89896971
89918766
89989986
90054473
90066209
90079352
90091440
90119212
90141656
90159422
90168381
90279393
90282097
90282239
90291396
90341611
90345019
90347098
90366001
90395629
90399358
90419895
90420244
90422241
90428704
90437509
90450974
90453848
90470444
90552383
90562530
90569167
90609106
90612590
90629533
90632655
90633875
90643939
90666439
90680538
90707434
90707482
90766586
90773974
90798258
90819347
90830790
90841673
90855512
90862693
90873494
90897814
90899411
90914567
90953640
90982183
90983311
90988192
91080054
91102241
91129965
91130731
91154953
91161688
91178396
91187098
91202456
91211171
91224769
91243727
91259088
91317458
91329483
91337671
91340027
91346200
91360521
91377659
91449816
91508027
91517182
91522442
91560175
91566411
91591547
91596260
91646015
91654352
91702050
91768104
91769691
91780945
91796994
91800209
91851797
91854672
91892069
91893683
91936828
91956840
91973543
92007914
92022266
92058363
92088020
92094732
92100346
92121007
92156731
92209991
92269558
92272238
92287019
92340735
92346884
92377567
92385925
92405975
92412792
92439204
92447130
92469901
92518189
92518351
92519615
92595522
92617497
92636010
92646658
92705259
92736069
92738073
92738626
92785616
92846811
92880547
92881534
92884908
92901242
93001156
93036389
93044861
93057391
93060966
93083065
93120150
93164208
93210598
93369355
93380045
93383698
93413148
93441800
93453711
93463279
93527821
93546525
93583636
93584876
93589298
93603827
93613018
93618749
93681493
93738781
93739264
93756960
93765494
93769582
93793819
93798923
93801238
93823519
93839110
93877884
93879920
93903579
93927794
93930204
93959140
93974750
93990868
94011044
94012602
94014409
94090763
94101185
94116442
94117438
94124495
94143172
94160099
94168416
94177893
94182290
94185434
94199728
94202797
94232956
94251390
94279030
94290439
94298323
94304449
94308933
94327894
94370877
94409907
94409915
94428469
94455280
94473896
94476646
94485878
94488621
94515828
94531862
94541555
94555036
94587502
94607015
94641605
94710608
94746878
94752998
94793280
94796533
94804589
94810520
94884110
94902956
94921422
94965200
95000492
95014656
95020777
95040984
95070743
95072045
95093280
95098769
95100681
95126744
95133501
95154872
95160351
95190595
95209400
95209693
95219790
95251494
95252131
95254612
95312502
95380930
95401279
95405685
95416926
95425596
95426342
95451955
95459686
95471032
95480652
95498762
95499815
95502394
95525250
95547720
95570393
95603103
95639447
95643607
95679189
95679859
95693800
95703931
95749961
95771263
95771882
95783957
95792029
95795300
95800103
95841553
95842960
95846946
95868579
95876458
95880407
95886397
95897464
95904771
95908833
95918626
95931832
95931897
95976487
95985996
95995093
96041907
96092206
96092565
96153244
96161200
96209550
96210591
96273790
96306193
96322834
96326188
96332379
96368309
96396744
96412292
96428709
96454325
96462564
96463634
96474584
96480174
96483664
96504336
96518310
96522117
96522443
96540116
96568219
96579819
96592246
96595608
96600643
96625231
96630482
96669787
96696422
96708486
96711875
96723932
96740059
96745521
96753944
96756295
96764200
96781401
96790336
96807717
96811231
96839300
96852447
96855432
96864164
96885633
96904048
96937398
96951951
96958960
97005862
97024787
97030013
97039471
97039776
97046682
97068991
97082062
97085287
97114053
97114062
97155427
97180928
97185671
97201761
97205395
97208190
97224010
97236924
97255341
97262939
97275067
97282040
97323402
97336464
97340697
97344434
97346184
97357391
97361001
97364052
97368003
97395067
97398018
97398700
97402246
97469892
97476700
97522104
97533628
97539583
97545443
97557677
97562991
97592815
97594511
97603354
97611316
97620094
97620225
97656795
97658948
97712318
97714379
97736774
97756506
97791588
97793074
97856639
97856824
97883481
97903529
97911268
97936201
97938421
97939935
97977096
97990482
98010579
98022285
98046227
98085727
98141155
98160448
98173715
98249061
98281769
98284812
98287294
98368295
98396518
98406552
98420612
98510320
98539081
98575569
98576579
98595721
98613443
98623285
98626336
98637343
98710194
98730142
98773328
98799021
98815314
98828817
98843964
98845641
98872936
98904824
98919548
98951675
98978142
99004830
99007200
99024625
99041688
99058699
99080737
99101369
99127674
99156259
99159126
99167551
99239657
99244766
99250508
99266223
99272419
99273032
99280166
99335698
99336104
99342173
99362885
99374235
99393639
99435671
99441259
99481954
99497146
99501742
99570183
99600231
99616171
99624019
99688125
99711612
99735477
99750893
99757269
99762905
99765239
99778559
99801442
99802832
99824392
99842294
99852727
99854055
99854483
99877203
99878182
99904969
